Host : Encounters

0 649512
1 740192
2 710637
3 695450
4 669013
5 700492
6 711048
7 662758
8 716352
9 740971
10 722744
11 733539
12 710593
13 781767
14 705730
15 687847
16 726244
17 687038
18 685601
19 702901
20 717786
21 726370
22 751055
23 678455
24 676610
25 707917
26 700586
27 773797
28 719952
29 656534
30 697995
31 660585
32 680858
33 681926
34 693084
35 657468
36 684361
37 665148
38 654655
39 647522
40 644364
41 691123
42 638709
43 680824
44 701311
45 672443
46 702832
47 692331
48 653044
49 673419
50 646039
51 734881
52 718140
53 683727
54 735674
55 654862
56 722857
57 668274
58 710391
59 707100
60 687705
61 717489
62 675273
63 653829
64 696812
65 666990
66 716202
67 673985
68 665571
69 698476
70 718126
71 699234
72 712562
73 728442
74 768218
75 697861
76 701213
77 687269
78 642645
79 682892
80 716365
81 679877
82 665710
83 712185
84 698120
85 745212
86 689876
87 706599
88 747235
89 657445
90 707650
91 704163
92 666655
93 646246
94 685179
95 670583
96 725426
97 715068
98 662670
99 668842
100 634156
101 690481
102 693533
103 731253
104 715218

Top 5 hosts with most encounters
Host : Encounters
13 781767
27 773797
74 768218
22 751055
88 747235
