Host : Inquiry : Relay : Scanning : Src_Connection : Dst_Connection : Delivering : Receiving : Total (J)

0 38859.5571 0.0000 0.0000 37.1280 0.0000 72.0720 0.0000 38968.7571
1 39134.4824 0.0000 0.0000 37.1280 0.0000 76.6480 0.0000 39248.2584
2 38852.0600 0.0000 0.0000 47.4240 0.0000 101.8160 0.0000 39001.3000
3 39454.2005 0.0000 0.0000 42.7440 0.0000 93.1502 0.0000 39590.0947
4 38861.5500 0.0000 0.0000 43.0560 0.0000 85.8000 0.0000 38990.4060
5 0.0000 1399.6801 38842.6649 4.3680 76.7520 2.2880 1.8480 40327.6010
6 0.0000 1650.5957 39168.8362 1.5600 55.4320 1.1440 2.1560 40879.7239
7 0.0000 1920.7760 38958.0633 1.5600 46.9040 1.1440 2.1560 40930.6033
8 0.0000 2404.5762 38164.4146 6.5520 98.0720 12.5840 2.7720 40688.9708
9 0.0000 1847.3234 38979.4158 2.1840 34.1120 3.4320 2.1560 40868.6232
10 0.0000 805.4163 40125.4282 0.9360 29.8480 2.2880 0.9240 40964.8405
11 0.0000 1078.8232 39107.8155 3.4320 72.4880 6.7782 1.7941 40271.1310
12 0.0000 1079.9620 39002.4765 2.4960 59.6960 4.5760 2.0713 40151.2778
13 0.0000 2323.9112 38321.5690 3.4320 85.2800 3.4320 2.7720 40740.3962
14 0.0000 2148.8207 38092.9549 2.4960 63.9600 4.5760 2.4640 40315.2716
15 0.0000 2322.7724 38051.8632 2.8080 89.5440 3.4320 2.7720 40473.1916
16 0.0000 1339.5135 39239.1571 1.2480 42.6400 0.0000 1.8480 40624.4066
17 0.0000 1896.8612 38856.3305 2.4960 59.6960 3.4320 2.1560 40820.9717
18 0.0000 1673.9411 38837.7301 3.1200 81.0160 3.4320 2.1560 40601.3952
19 0.0000 1254.7678 39549.1954 1.2480 38.3760 2.2880 1.2320 40847.1072
20 0.0000 801.6203 40140.7071 1.5600 12.7920 5.7200 0.9240 40963.3234
21 0.0000 1707.1561 38922.4758 2.8080 59.6960 5.7200 2.1560 40700.0119
22 0.0000 1455.7660 39202.0512 1.8720 72.4880 4.5760 1.8480 40738.6012
23 0.0000 1833.9425 38968.4074 3.4320 46.9040 4.5760 2.1560 40859.4179
24 0.0000 1602.1018 39148.0531 1.8720 38.3760 2.2880 1.8480 40794.5389
25 0.0000 1624.8778 39243.9021 2.1840 46.9040 0.0000 1.8480 40919.7159
26 0.0000 1854.4409 38573.5285 1.8720 59.6960 3.4320 2.1560 40495.1254
27 0.0000 1391.8983 39241.7194 1.2480 46.9040 2.2880 2.4640 40686.5217
28 0.0000 1283.3327 39532.0185 0.9360 46.9040 1.1440 1.2320 40865.5672
29 0.0000 1367.4141 39332.5387 1.2480 68.2240 1.1440 1.8480 40772.4168
30 0.0000 1881.9619 38631.4175 2.4960 72.4880 4.5760 2.1560 40595.0954
31 0.0000 2621.3278 38014.6624 2.4960 85.2800 3.4320 3.0800 40730.2782
32 0.0000 1054.9084 39820.2298 1.2480 38.3760 2.2880 1.2320 40918.2822
33 0.0000 1929.9813 38416.8486 4.0560 93.8080 3.4320 2.7720 40450.8979
34 0.0000 1462.7886 39125.9414 3.4320 72.4880 8.0080 1.8480 40674.5060
35 0.0000 1892.5907 38949.1427 1.8720 68.2240 3.4320 2.1560 40917.4174
36 0.0000 2557.4601 38145.2448 3.7440 85.2800 6.8640 3.0800 40801.6729
37 0.0000 1939.6611 38649.2587 3.1200 46.9040 3.4320 2.7720 40645.1478
38 0.0000 1330.6878 39497.0004 1.2480 55.4320 0.0000 1.7556 40886.1238
39 0.0000 1864.4054 38930.0678 1.2480 72.4880 3.4320 2.1560 40873.7972
40 0.0000 1623.1696 39122.4301 1.2480 93.8080 3.4320 1.8480 40845.9357
41 0.0000 1307.8169 39540.8442 1.5600 34.1120 4.5760 1.5400 40890.4491
42 0.0000 1624.6880 39150.2358 2.4960 51.1680 1.1440 1.8480 40831.5798
43 0.0000 1600.7732 39244.8511 1.2480 55.4320 0.9438 1.8480 40905.0961
44 0.0000 1664.3562 39236.4999 0.9360 46.9040 1.1440 1.8480 40951.6881
45 0.0000 1045.8929 39812.5429 0.9360 38.3760 1.1440 1.2320 40900.1238
46 0.0000 1645.4711 38783.2575 1.8720 76.7520 3.4320 2.1560 40512.9406
47 0.0000 1895.1530 38945.3467 1.5600 51.1680 3.4320 2.1560 40898.8157
48 0.0000 1485.4697 39232.8937 1.5600 68.2240 0.0000 1.8480 40789.9954
49 0.0000 1892.5907 38881.0045 2.1840 68.2240 2.2880 2.1560 40848.4472
50 0.0000 1816.4809 38967.9329 1.8720 51.1680 4.5760 2.4640 40844.4938
51 0.0000 1409.7395 39211.4463 2.8080 72.4880 1.1440 2.1560 40699.7818
52 0.0000 2419.9500 38298.9828 3.1200 106.6000 8.0080 3.0800 40839.7408
53 0.0000 1454.6272 39197.5909 0.6240 81.0160 1.1440 1.8480 40736.8501
54 0.0000 1271.6600 39549.9546 0.9360 34.1120 1.1440 1.5400 40859.3466
55 0.0000 2083.1499 38674.5970 3.4320 51.1680 10.2960 2.4640 40825.1069
56 0.0000 1571.8287 38930.3525 2.4960 76.7520 2.2880 2.1560 40585.8732
57 0.0000 1331.4470 39540.7493 1.2480 38.3760 1.1440 1.5400 40914.5043
58 0.0000 1347.2953 39117.1157 2.1840 85.2800 1.1440 1.5400 40554.5590
59 0.0000 1598.7803 39210.8769 2.1840 34.1120 2.2880 1.8480 40850.0892
60 0.0000 2084.0989 38587.3839 3.1200 102.3360 3.4320 2.4640 40782.8348
61 0.0000 1780.8934 38808.0264 3.1200 98.0720 2.2880 2.1560 40694.5558
62 0.0000 2024.1221 38670.0418 1.8720 63.9600 1.1440 2.7720 40763.9119
63 0.0000 1313.2262 39539.8952 1.8720 46.9040 3.4320 1.5400 40906.8694
64 0.0000 1568.0327 39260.0351 2.8080 46.9040 2.2880 2.1560 40882.2238
65 0.0000 1799.8734 38973.0575 4.3680 46.9040 8.0080 2.1560 40834.3669
66 0.0000 2063.6005 38339.5051 4.3680 127.9200 9.1520 2.4640 40547.0096
67 0.0000 2138.7613 38468.5691 2.8080 68.2240 4.5760 2.4640 40685.4024
68 0.0000 1041.8122 39822.6023 1.8720 42.6400 0.0000 1.2320 40910.1585
69 0.0000 2176.3417 38676.3052 2.1840 59.6960 6.8640 2.4640 40923.8549
70 0.0000 1603.0508 38957.6837 2.8080 72.4880 5.7200 2.1560 40643.9065
71 0.0000 1640.6312 38937.5649 2.4960 59.6960 2.2880 2.1560 40644.8321
72 0.0000 1287.4134 39535.2451 1.8720 38.3760 2.2880 1.5400 40866.7345
73 0.0000 1558.1631 39241.2449 2.8080 55.4320 1.1440 1.8480 40860.6400
74 0.0000 1884.9987 38811.6326 3.4320 59.6960 3.4320 2.7720 40765.9633
75 0.0000 1726.8953 38927.9800 3.1200 72.4880 5.7200 2.4640 40738.6673
76 0.0000 2892.5520 37508.3709 4.3680 127.9200 6.8640 3.3880 40543.4629
77 0.0000 1733.5383 38931.3015 2.8080 63.9600 6.8640 2.1560 40740.6278
78 0.0000 1783.3608 38583.8726 3.1200 63.9600 2.2880 2.7720 40439.3734
79 0.0000 1370.1662 39563.7151 0.9360 29.8480 1.1440 1.5400 40967.3493
80 0.0000 2696.9631 37969.5849 2.8080 93.8080 4.5760 3.0800 40770.8200
81 0.0000 1728.7933 38970.0207 2.4960 42.6400 4.5760 2.1560 40750.6820
82 0.0000 2306.5445 38394.1675 4.0560 55.4320 5.7200 2.7720 40768.6920
83 0.0000 1632.8494 39263.4515 2.1840 34.1120 2.2880 1.8480 40936.7329
84 0.0000 847.0774 39702.0793 0.9360 42.6400 1.1440 1.2320 40595.1087
85 0.0000 1360.7711 39486.7512 0.9360 46.9040 3.4320 1.2320 40900.0263
86 0.0000 2174.0641 38661.6906 3.1200 55.4320 2.2880 2.1560 40898.7507
87 0.0000 1612.6357 39259.6555 0.6240 38.3760 2.2880 1.8480 40915.4272
88 0.0000 1656.1948 39250.7349 0.6240 46.9040 0.0000 1.8480 40956.3057
89 0.0000 1563.2877 39266.4883 1.8720 29.8480 1.1440 1.8480 40864.4880
90 0.0000 1804.3337 38952.6540 4.3680 51.1680 6.8640 2.1560 40821.5437
91 0.0000 1287.6032 39008.3603 1.5600 34.1120 1.1440 1.5400 40334.3195
92 0.0000 1233.6051 39410.2618 2.4960 59.6960 6.8354 1.8480 40714.7423
93 0.0000 1317.4018 39540.5595 2.1840 42.6400 3.4320 1.5400 40907.7573
94 0.0000 1344.5432 39563.5253 1.5600 29.8480 3.4320 1.5400 40944.4485
95 0.0000 1902.1756 38818.5603 1.5600 72.4880 1.1440 1.8480 40797.7759
96 0.0000 1860.4196 38914.6940 3.4320 72.4880 6.8640 2.1560 40860.0536
97 0.0000 2183.9337 38675.1664 1.8720 59.6960 2.2880 2.7720 40925.7281
98 0.0000 1641.9598 39258.7065 2.1840 34.1120 5.7200 1.8480 40944.5303
99 0.0000 1504.2599 39170.0699 2.8080 38.3760 3.4320 1.8480 40720.7938
100 0.0000 1592.7067 39264.1158 1.8720 38.3760 2.2880 2.1329 40901.4914
101 0.0000 2093.0195 38392.9338 2.4960 85.2800 3.4320 3.0800 40580.2413
102 0.0000 1103.0227 39831.2382 0.9360 29.8480 1.1440 1.2320 40967.4209
103 0.0000 2079.4488 38291.9602 1.8720 85.2800 2.2880 2.4640 40463.3130
104 0.0000 1451.6853 39190.5683 2.8080 76.7520 3.4320 2.4563 40727.7019

Average_Source_Energy: 39159.7632 J
Average_Destination_Energy: 40759.9103 J
Total_Average_Energy: 40683.7128 J
