Host : Inquiry : Relay : Scanning : Src_Connection : Dst_Connection : Delivering : Receiving : Total (J)

0 39017.7554 0.0000 0.0000 47.4240 0.0000 123.9238 0.0000 39189.1032
1 39040.9110 0.0000 0.0000 48.3600 0.0000 134.9920 0.0000 39224.2630
2 38867.5287 0.0000 0.0000 44.9280 0.0000 103.7322 0.0000 39016.1889
3 39568.8397 0.0000 0.0000 37.7520 0.0000 101.8160 0.0000 39708.4077
4 39426.2999 0.0000 0.0000 34.9440 0.0000 80.6234 0.0000 39541.8673
5 0.0000 0.0000 40779.1943 0.0000 51.1680 0.0000 2.7720 40833.1343
6 0.0000 0.0000 40751.9580 0.0000 17.0560 0.0000 0.9240 40769.9380
7 0.0000 0.0000 40970.8923 0.0000 21.3200 0.0000 0.9240 40993.1363
8 0.0000 0.0000 40958.3655 0.0000 25.5840 0.0000 1.2320 40985.1815
9 0.0000 0.0000 40903.7031 0.0000 42.6400 0.0000 1.8942 40948.2373
10 0.0000 0.0000 40941.6631 0.0000 34.1120 0.0000 1.5400 40977.3151
11 0.0000 0.0000 40855.3990 0.0000 42.6400 0.0000 1.8480 40899.8870
12 0.0000 0.0000 40937.9620 0.0000 38.3760 0.0000 2.1560 40978.4940
13 0.0000 0.0000 40967.4759 0.0000 21.3200 0.0000 1.2320 40990.0279
14 0.0000 0.0000 40946.2183 0.0000 34.1120 0.0000 1.8480 40982.1783
15 0.0000 0.0000 40976.8710 0.0000 17.0560 0.0000 1.2320 40995.1590
16 0.0000 0.0000 40891.1763 0.0000 38.3760 0.0000 1.8480 40931.4003
17 0.0000 0.0000 40898.4836 0.0000 59.6960 0.0000 2.1560 40960.3356
18 0.0000 0.0000 40835.7547 0.0000 21.3200 0.0000 0.9240 40857.9987
19 0.0000 0.0000 40946.9775 0.0000 34.1120 0.0000 1.8480 40982.9375
20 0.0000 0.0000 40797.7947 0.0000 38.3760 0.0000 2.0559 40838.2266
21 0.0000 0.0000 40962.4462 0.0000 25.5840 0.0000 1.5400 40989.5702
22 0.0000 0.0000 40891.5559 0.0000 42.6400 0.0000 2.4640 40936.6599
23 0.0000 0.0000 40921.7341 0.0000 46.9040 0.0000 2.1560 40970.7941
24 0.0000 0.0000 40968.1402 0.0000 21.3200 0.0000 1.5400 40991.0002
25 0.0000 0.0000 40865.4584 0.0000 42.6400 0.0000 2.1560 40910.2544
26 0.0000 0.0000 40824.0820 0.0000 34.1120 0.0000 1.5400 40859.7340
27 0.0000 0.0000 40952.9562 0.0000 29.8480 0.0000 1.2320 40984.0362
28 0.0000 0.0000 40647.0935 0.0000 29.8480 0.0000 1.2320 40678.1735
29 0.0000 0.0000 40966.3371 0.0000 21.3200 0.0000 1.2320 40988.8891
30 0.0000 0.0000 40862.8012 0.0000 17.0560 0.0000 1.2320 40881.0892
31 0.0000 0.0000 40949.7296 0.0000 29.8480 0.0000 1.5400 40981.1176
32 0.0000 0.0000 39946.8264 0.0000 42.6400 0.0000 2.1560 39991.6224
33 0.0000 0.0000 40946.3132 0.0000 34.1120 0.0000 1.2320 40981.6572
34 0.0000 0.0000 40983.0395 0.0000 12.7920 0.0000 0.6160 40996.4475
35 0.0000 0.0000 40951.3429 0.0000 29.8480 0.0000 1.2320 40982.4229
36 0.0000 0.0000 40939.6702 0.0000 34.1120 0.0000 1.5400 40975.3222
37 0.0000 0.0000 40955.6134 0.0000 29.8480 0.0000 1.2320 40986.6934
38 0.0000 0.0000 40896.0162 0.0000 25.5840 0.0000 1.5400 40923.1402
39 0.0000 0.0000 40957.8910 0.0000 25.5840 0.0000 1.2320 40984.7070
40 0.0000 0.0000 40971.2719 0.0000 12.7920 0.0000 0.9240 40984.9879
41 0.0000 0.0000 40941.0937 0.0000 21.3200 0.0000 1.3321 40963.7458
42 0.0000 0.0000 40999.3623 0.0000 4.2640 0.0000 0.0000 41003.6263
43 0.0000 0.0000 40975.9220 0.0000 17.0560 0.0000 1.2320 40994.2100
44 0.0000 0.0000 40833.3822 0.0000 46.9040 0.0000 1.5400 40881.8262
45 0.0000 0.0000 40952.4817 0.0000 29.8480 0.0000 2.1560 40984.4857
46 0.0000 0.0000 40923.7270 0.0000 42.6400 0.0000 2.1560 40968.5230
47 0.0000 0.0000 40975.3526 0.0000 17.0560 0.0000 0.9240 40993.3326
48 0.0000 0.0000 40990.4417 0.0000 8.5280 0.0000 0.6160 40999.5857
49 0.0000 0.0000 40893.7386 0.0000 51.1680 0.0000 2.7720 40947.6786
50 0.0000 0.0000 40969.1841 0.0000 21.3200 0.0000 1.2320 40991.7361
51 0.0000 0.0000 40974.3087 0.0000 17.0560 0.0000 1.2320 40992.5967
52 0.0000 0.0000 40894.5927 0.0000 34.1120 0.0000 1.5400 40930.2447
53 0.0000 0.0000 40977.1557 0.0000 17.0560 0.0000 1.2320 40995.4437
54 0.0000 0.0000 40961.8768 0.0000 21.3200 0.0000 1.5400 40984.7368
55 0.0000 0.0000 40950.2990 0.0000 29.8480 0.0000 1.2320 40981.3790
56 0.0000 0.0000 40943.2764 0.0000 34.1120 0.0000 2.1560 40979.5444
57 0.0000 0.0000 40875.6127 0.0000 34.1120 0.0000 1.8480 40911.5727
58 0.0000 0.0000 40973.1699 0.0000 17.0560 0.0000 1.2320 40991.4579
59 0.0000 0.0000 40864.4145 0.0000 42.6400 0.0000 1.8480 40908.9025
60 0.0000 0.0000 40960.5482 0.0000 25.5840 0.0000 1.2320 40987.3642
61 0.0000 0.0000 40920.5953 0.0000 46.9040 0.0000 2.1560 40969.6553
62 0.0000 0.0000 40970.1331 0.0000 21.3200 0.0000 0.9240 40992.3771
63 0.0000 0.0000 40982.9446 0.0000 12.7920 0.0000 0.9240 40996.6606
64 0.0000 0.0000 40953.6205 0.0000 29.8480 0.0000 0.9240 40984.3925
65 0.0000 0.0000 40974.4036 0.0000 17.0560 0.0000 0.9240 40992.3836
66 0.0000 0.0000 40968.8045 0.0000 21.3200 0.0000 1.2320 40991.3565
67 0.0000 0.0000 40959.8839 0.0000 25.5840 0.0000 1.2320 40986.6999
68 0.0000 0.0000 40921.4494 0.0000 46.9040 0.0000 2.1560 40970.5094
69 0.0000 0.0000 40789.3486 0.0000 34.1120 0.0000 1.8480 40825.3086
70 0.0000 0.0000 40811.7450 0.0000 55.4320 0.0000 2.4640 40869.6410
71 0.0000 0.0000 40853.2163 0.0000 29.8480 0.0000 1.5400 40884.6043
72 0.0000 0.0000 40899.6224 0.0000 29.8480 0.0000 1.5400 40931.0104
73 0.0000 0.0000 40982.4701 0.0000 12.7920 0.0000 0.9240 40996.1861
74 0.0000 0.0000 40958.5553 0.0000 25.5840 0.0000 1.8480 40985.9873
75 0.0000 0.0000 40936.6334 0.0000 25.5840 0.0000 1.8480 40964.0654
76 0.0000 0.0000 40961.0227 0.0000 25.5840 0.0000 1.2320 40987.8387
77 0.0000 0.0000 40961.2125 0.0000 25.5840 0.0000 0.9240 40987.7205
78 0.0000 0.0000 40904.0827 0.0000 55.4320 0.0000 2.1560 40961.6707
79 0.0000 0.0000 40853.5959 0.0000 46.9040 0.0000 1.5400 40902.0399
80 0.0000 0.0000 40952.5766 0.0000 29.8480 0.0000 1.5400 40983.9646
81 0.0000 0.0000 40950.6786 0.0000 29.8480 0.0000 1.5400 40982.0666
82 0.0000 0.0000 40898.7683 0.0000 21.3200 0.0000 1.0241 40921.1124
83 0.0000 0.0000 40875.4229 0.0000 46.9040 0.0000 1.8480 40924.1749
84 0.0000 0.0000 40949.4449 0.0000 29.8480 0.0000 1.2320 40980.5249
85 0.0000 0.0000 40919.7412 0.0000 25.5840 0.0000 1.5400 40946.8652
86 0.0000 0.0000 40986.1712 0.0000 12.7920 0.0000 0.9240 40999.8872
87 0.0000 0.0000 40870.5830 0.0000 17.0560 0.0000 1.2320 40888.8710
88 0.0000 0.0000 40931.9833 0.0000 42.6400 0.0000 1.2320 40975.8553
89 0.0000 0.0000 40906.0756 0.0000 8.5280 0.0000 0.6160 40915.2196
90 0.0000 0.0000 40923.8219 0.0000 46.9040 0.0000 1.8480 40972.5739
91 0.0000 0.0000 40908.7328 0.0000 59.6960 0.0000 2.7720 40971.2008
92 0.0000 0.0000 40998.7929 0.0000 4.2640 0.0000 0.3080 41003.3649
93 0.0000 0.0000 40960.8329 0.0000 25.5840 0.0000 1.2320 40987.6489
94 0.0000 0.0000 40855.5888 0.0000 21.3200 0.0000 1.5400 40878.4488
95 0.0000 0.0000 40985.4120 0.0000 12.7920 0.0000 0.9240 40999.1280
96 0.0000 0.0000 40928.3771 0.0000 42.6400 0.0000 2.1560 40973.1731
97 0.0000 0.0000 40968.3300 0.0000 21.3200 0.0000 1.5400 40991.1900
98 0.0000 0.0000 40924.6760 0.0000 25.5840 0.0000 0.9240 40951.1840
99 0.0000 0.0000 40930.2751 0.0000 17.0560 0.0000 1.2320 40948.5631
100 0.0000 0.0000 40982.8497 0.0000 12.7920 0.0000 0.9240 40996.5657
101 0.0000 0.0000 40884.6282 0.0000 38.3760 0.0000 1.5400 40924.5442
102 0.0000 0.0000 40767.8063 0.0000 55.4320 0.0000 2.1560 40825.3943
103 0.0000 0.0000 40989.3978 0.0000 8.5280 0.0000 0.6160 40998.5418
104 0.0000 0.0000 40887.2854 0.0000 12.7920 0.0000 0.9240 40901.0014

Average_Source_Energy: 39335.9660 J
Average_Destination_Energy: 40943.1507 J
Total_Average_Energy: 40866.6181 J
