Host : Encounters

0 706281
1 667899
2 669044
3 703518
4 697401
5 683084
6 695401
7 714530
8 705433
9 737069
10 687814
11 704759
12 745509
13 734331
14 697714
15 705733
16 664877
17 730710
18 674369
19 676455
20 694653
21 682395
22 703692
23 694246
24 699435
25 722472
26 703468
27 695428
28 722093
29 666162
30 734526
31 712933
32 691801
33 718822
34 648411
35 654289
36 693673
37 680735
38 661879
39 735065
40 711519
41 736044
42 714986
43 693460
44 659913
45 663423
46 680860
47 647046
48 718917
49 725975
50 659807
51 691698
52 650551
53 673018
54 694108
55 694395
56 716545
57 714911
58 678775
59 710804
60 719493
61 685680
62 745491
63 712327
64 753976
65 640783
66 717343
67 703711
68 713816
69 706040
70 736040
71 683197
72 737515
73 729223
74 713017
75 706966
76 680359
77 678141
78 712311
79 673525
80 710306
81 703485
82 688157
83 706396
84 665574
85 693403
86 705542
87 744919
88 691665
89 670465
90 705986
91 711489
92 614612
93 694355
94 720911
95 665755
96 709417
97 810559
98 695731
99 688216
100 694730
101 737321
102 712329
103 726008
104 689316

Top 5 hosts with most encounters
Host : Encounters
97 810559
64 753976
12 745509
62 745491
87 744919
