Host : Inquiry : Relay : Scanning : Src_Connection : Dst_Connection : Delivering : Receiving : Total (J)

0 39772.4951 0.0000 0.0000 34.3200 0.0000 73.6450 0.0000 39880.4601
1 38557.1108 0.0000 0.0000 40.8720 0.0000 87.7448 0.0000 38685.7276
2 39255.3850 0.0000 0.0000 47.1120 0.0000 95.3238 0.0000 39397.8208
3 39375.4335 0.0000 0.0000 40.2480 0.0000 92.6640 0.0000 39508.3455
4 39675.5073 0.0000 0.0000 34.3200 0.0000 71.9290 0.0000 39781.7563
5 0.0000 1841.0600 38922.3809 3.7440 55.4320 6.8640 1.8480 40831.3289
6 0.0000 1955.1298 38376.8957 4.6800 72.4880 6.8640 2.4640 40418.5215
7 0.0000 1358.6833 39537.2380 1.2480 46.9040 2.2880 1.5400 40947.9013
8 0.0000 1918.0239 38955.6908 1.8720 55.4320 3.4320 2.1560 40936.6067
9 0.0000 2183.6490 38173.3352 2.8080 89.5440 3.4320 2.1560 40454.9242
10 0.0000 1534.6279 39260.6045 1.5600 46.9040 0.0000 1.8480 40845.5444
11 0.0000 1778.1413 38739.4137 3.1200 72.4880 6.3492 2.1560 40601.6682
12 0.0000 2094.6328 38364.1791 4.6800 76.7520 5.7200 3.1185 40549.0824
13 0.0000 2152.8065 38067.8064 4.3680 98.0720 5.7200 2.7720 40331.5449
14 0.0000 1861.2737 38963.0930 2.8080 51.1680 3.4320 2.1560 40883.9307
15 0.0000 1230.2836 39643.3362 1.2480 55.4320 1.1440 1.5400 40932.9838
16 0.0000 1872.5668 38173.9995 3.7440 51.1680 6.8640 2.4640 40110.8063
17 0.0000 2669.4421 38031.4597 3.4320 85.2800 5.7200 3.0800 40798.4138
18 0.0000 2588.7771 38006.0265 4.0560 68.2240 8.0080 3.0800 40678.1716
19 0.0000 2192.6645 38465.9119 1.2480 63.9600 2.2880 2.4640 40728.5364
20 0.0000 1765.6145 38862.2143 1.2480 81.0160 1.1440 2.1560 40713.3928
21 0.0000 2087.3255 38665.8662 2.1840 55.4320 1.1440 2.4640 40814.4157
22 0.0000 1941.6540 38531.2980 2.8080 63.9600 4.5760 2.4640 40546.7600
23 0.0000 1212.0628 39547.8668 1.5600 29.8480 1.1440 1.7094 40794.1910
24 0.0000 1904.1685 38967.1737 1.8720 51.1680 3.4320 2.1560 40929.9702
25 0.0000 1358.2088 39534.4859 1.2480 46.9040 2.2880 1.5400 40944.6747
26 0.0000 1902.4603 38946.1059 2.1840 55.4320 4.5760 2.1560 40912.9142
27 0.0000 998.0633 39486.7512 3.7440 46.9040 5.7200 1.2320 40542.4145
28 0.0000 2284.6226 38343.7756 3.7440 63.9600 6.3492 2.7720 40705.2234
29 0.0000 1928.7476 38938.8935 1.5600 55.4320 2.2880 2.1560 40929.0771
30 0.0000 1942.4132 38604.1812 2.1840 55.4320 3.4320 2.4640 40610.1064
31 0.0000 1511.8519 39159.1564 2.1840 46.9040 0.0000 2.1560 40722.2523
32 0.0000 2310.4354 38393.2185 2.4960 55.4320 5.7200 2.4640 40769.7659
33 0.0000 2076.3171 38617.5621 2.8080 85.2800 8.0080 2.7720 40792.7472
34 0.0000 1109.6657 39689.1729 0.3120 55.4320 0.0000 1.2320 40855.8146
35 0.0000 1346.1565 39549.7648 2.1840 29.8480 0.8580 1.8172 40930.6285
36 0.0000 1360.7711 39516.9294 1.5600 51.1680 3.4320 1.8480 40935.7085
37 0.0000 1893.8244 38948.5733 2.4960 51.1680 6.8640 2.1560 40905.0817
38 0.0000 560.4794 40429.2980 0.0000 8.5280 0.0000 0.6160 40998.9214
39 0.0000 1295.7646 39545.4943 2.1840 34.1120 1.1440 1.5400 40880.2389
40 0.0000 1667.2032 39259.4657 0.9360 34.1120 1.1440 1.8480 40964.7089
41 0.0000 1064.7780 39699.2323 1.8720 34.1120 1.1440 1.2320 40802.3703
42 0.0000 1634.4627 39259.7504 1.5600 42.6400 5.7200 2.1560 40946.2891
43 0.0000 1598.4956 39129.6425 2.4960 85.2800 1.1440 1.8480 40818.9061
44 0.0000 2331.3134 38374.2385 1.8720 81.0160 3.4320 3.0800 40794.9519
45 0.0000 1805.1878 38977.5178 2.1840 46.9040 3.4320 2.1560 40837.3816
46 0.0000 1682.0076 38953.5081 2.1840 55.4320 2.2880 2.1560 40697.5757
47 0.0000 1777.2872 38975.6198 3.1200 46.9040 4.5760 2.3254 40809.8324
48 0.0000 826.7688 40140.6122 0.6240 12.7920 2.2880 0.6160 40983.7010
49 0.0000 1699.5641 38956.0704 3.1200 55.4320 3.4320 2.1560 40719.7745
50 0.0000 1655.3407 39222.5496 1.2480 51.1680 1.1440 1.8480 40933.2983
51 0.0000 530.8706 40422.1805 1.2480 17.0560 3.4320 0.9240 40975.7111
52 0.0000 1595.9333 38768.2633 3.4320 72.4880 5.7200 2.1560 40447.9926
53 0.0000 1897.2408 38948.3835 1.2480 55.4320 4.5760 2.1560 40909.0363
54 0.0000 1380.5103 39516.8345 0.9360 51.1680 0.0000 1.5400 40950.9888
55 0.0000 1599.1599 39253.6768 3.1200 46.9040 6.8640 1.8480 40911.5727
56 0.0000 1195.2655 39456.4781 2.1840 46.9040 2.2880 1.5400 40704.6596
57 0.0000 1264.7323 39475.9326 2.1840 46.9040 1.1440 1.5400 40792.4369
58 0.0000 1448.9332 38440.1940 2.1840 81.0160 1.1440 2.1560 39975.6272
59 0.0000 2117.0292 38659.3181 1.8720 76.7520 2.2880 2.4640 40859.7233
60 0.0000 1647.8436 39110.9472 1.5600 68.2240 3.4320 1.5400 40833.5468
61 0.0000 1491.3535 39228.8130 2.1840 81.0160 2.2880 1.8480 40807.5025
62 0.0000 1048.2654 39844.5242 1.2480 38.3760 2.2880 1.2320 40935.9336
63 0.0000 1245.9421 39537.9972 2.8080 51.1680 5.7200 2.1560 40845.7913
64 0.0000 1886.0426 38832.0361 1.2480 68.2240 1.1440 2.1560 40790.8507
65 0.0000 1656.8591 39123.3791 0.9360 59.6960 1.1440 1.8480 40843.8622
66 0.0000 1815.6268 38964.6114 2.8080 42.6400 4.5760 2.1560 40832.4182
67 0.0000 1838.6875 38966.9839 2.8080 38.3760 2.2880 2.1560 40851.2994
68 0.0000 1204.8504 39563.5253 1.2480 25.5840 1.1440 1.5400 40797.8917
69 0.0000 872.1310 39335.7653 1.2480 93.8080 2.2880 1.2320 40306.4723
70 0.0000 2034.4662 38655.6170 3.7440 81.0160 8.0080 2.4640 40785.3152
71 0.0000 1788.6752 38856.0458 2.4960 63.9600 2.2880 2.1560 40715.6210
72 0.0000 2124.6212 38505.8648 2.8080 119.3920 3.4320 2.4640 40758.5820
73 0.0000 1637.4046 39266.2985 1.5600 34.1120 1.1440 1.8480 40942.3671
74 0.0000 1840.9651 38545.5330 1.5600 72.4880 5.7200 2.1560 40468.4221
75 0.0000 2067.4914 38648.2148 3.1200 68.2240 5.7200 2.4640 40795.2342
76 0.0000 2108.5831 38583.3032 2.8080 110.8640 2.2880 2.4640 40810.3103
77 0.0000 1510.5233 39258.9912 2.1840 46.9040 5.7200 1.8480 40826.1705
78 0.0000 1877.3118 38977.1382 2.8080 38.3760 2.2880 2.4332 40900.3552
79 0.0000 1849.7908 38857.3744 3.4320 51.1680 6.8640 2.1560 40770.7852
80 0.0000 1556.0753 38351.7472 3.1200 85.2800 6.8640 2.4563 40005.5428
81 0.0000 1938.5223 37883.7004 0.9360 85.2800 0.0000 2.1560 39910.5947
82 0.0000 1555.2212 39259.7504 3.4320 38.3760 4.5760 1.8480 40863.2036
83 0.0000 1811.4512 38859.0826 2.1840 51.1680 5.7200 2.1560 40731.7618
84 0.0000 1860.5145 38926.0820 2.1840 63.9600 1.1440 2.1560 40856.0405
85 0.0000 2018.8077 38622.1173 4.0560 76.7520 3.4320 2.4640 40727.6290
86 0.0000 1263.8782 39551.5679 1.5600 46.9040 2.2880 2.1560 40868.3541
87 0.0000 1690.6435 39165.3249 1.2480 46.9040 0.0000 2.2715 40906.3919
88 0.0000 1886.8967 38986.4384 1.8720 42.6400 3.4320 2.1560 40923.4351
89 0.0000 1713.1348 38979.7954 1.5600 42.6400 2.2880 2.1560 40741.5742
90 0.0000 1652.6835 38819.7940 1.5600 38.3760 0.0000 2.1560 40514.5695
91 0.0000 1613.0153 39259.6555 2.8080 38.3760 4.5760 1.8480 40920.2788
92 0.0000 707.4795 39975.2964 0.9360 63.9600 1.1440 0.9240 40749.7399
93 0.0000 1889.7437 38956.6398 2.1840 55.4320 3.4320 2.1560 40909.5875
94 0.0000 1462.2192 39105.2532 0.9360 51.1680 2.2880 1.8480 40623.7124
95 0.0000 1387.6278 39216.0964 2.1840 38.3760 5.7200 1.7864 40651.7906
96 0.0000 1222.6916 39529.6460 1.8720 51.1680 2.2880 1.5400 40809.2056
97 0.0000 2129.9356 38638.0605 3.1200 63.9600 5.7200 2.4640 40843.2601
98 0.0000 1795.0335 38927.1259 2.8080 76.7520 5.7200 2.4640 40809.9034
99 0.0000 1896.2918 38957.2092 1.5600 59.6960 2.2880 1.8480 40918.8930
100 0.0000 718.7726 40140.6122 1.2480 17.0560 3.4320 0.9240 40882.0448
101 0.0000 1439.2534 39132.6793 1.8720 46.9040 2.2880 1.8480 40624.8447
102 0.0000 1819.8024 38923.3299 1.2480 63.9600 0.0000 2.1560 40810.4963
103 0.0000 1540.5117 38470.0875 2.4960 85.2800 1.1440 1.8480 40101.3672
104 0.0000 1895.0581 38549.8035 4.3680 98.0720 6.8640 2.4640 40556.6296

Average_Source_Energy: 39450.8221 J
Average_Destination_Energy: 40750.0038 J
Total_Average_Energy: 40688.1381 J
