Host : Inquiry : Relay : Scanning : Src_Connection : Dst_Connection : Delivering : Receiving : Total (J)

0 38859.5571 0.0000 0.0000 37.1280 0.0000 86.9440 0.0000 38983.6291
1 39134.4824 0.0000 0.0000 37.1280 0.0000 93.8080 0.0000 39265.4184
2 38852.0600 0.0000 0.0000 47.4240 0.0000 128.7286 0.0000 39028.2126
3 39454.2005 0.0000 0.0000 42.7440 0.0000 114.8862 0.0000 39611.8307
4 38861.5500 0.0000 0.0000 43.0560 0.0000 107.5360 0.0000 39012.1420
5 0.0000 0.0000 40887.2854 0.0000 25.5840 0.0000 0.9240 40913.7934
6 0.0000 0.0000 40946.5979 0.0000 34.1120 0.0000 1.5400 40982.2499
7 0.0000 0.0000 40950.5837 0.0000 29.8480 0.0000 1.5400 40981.9717
8 0.0000 0.0000 40920.1208 0.0000 46.9040 0.0000 2.1560 40969.1808
9 0.0000 0.0000 40901.5204 0.0000 25.5840 0.0000 1.5400 40928.6444
10 0.0000 0.0000 40981.9007 0.0000 12.7920 0.0000 0.6160 40995.3087
11 0.0000 0.0000 40843.3467 0.0000 29.8480 0.0000 1.2320 40874.4267
12 0.0000 0.0000 40604.9579 0.0000 34.1120 0.0000 1.7633 40640.8332
13 0.0000 0.0000 40896.2060 0.0000 46.9040 0.0000 2.1560 40945.2660
14 0.0000 0.0000 40840.4997 0.0000 34.1120 0.0000 2.1560 40876.7677
15 0.0000 0.0000 40917.0840 0.0000 25.5840 0.0000 1.2320 40943.9000
16 0.0000 0.0000 40952.5766 0.0000 25.5840 0.0000 1.8480 40980.0086
17 0.0000 0.0000 40969.3739 0.0000 21.3200 0.0000 1.5400 40992.2339
18 0.0000 0.0000 40830.2505 0.0000 25.5840 0.0000 1.2320 40857.0665
19 0.0000 0.0000 40974.6883 0.0000 17.0560 0.0000 0.9240 40992.6683
20 0.0000 0.0000 41006.3849 0.0000 0.0000 0.0000 0.0000 41006.3849
21 0.0000 0.0000 40850.6540 0.0000 25.5840 0.0000 1.2320 40877.4700
22 0.0000 0.0000 40829.6811 0.0000 38.3760 0.0000 1.5400 40869.5971
23 0.0000 0.0000 40900.8561 0.0000 38.3760 0.0000 1.8480 40941.0801
24 0.0000 0.0000 40921.2596 0.0000 21.3200 0.0000 1.5400 40944.1196
25 0.0000 0.0000 40990.7264 0.0000 8.5280 0.0000 0.6160 40999.8704
26 0.0000 0.0000 40603.8191 0.0000 34.1120 0.0000 1.8480 40639.7791
27 0.0000 0.0000 40963.7748 0.0000 25.5840 0.0000 1.2320 40990.5908
28 0.0000 0.0000 40968.6147 0.0000 21.3200 0.0000 0.9240 40990.8587
29 0.0000 0.0000 40793.0497 0.0000 29.8480 0.0000 0.9240 40823.8217
30 0.0000 0.0000 40908.4481 0.0000 25.5840 0.0000 1.2320 40935.2641
31 0.0000 0.0000 40885.7670 0.0000 38.3760 0.0000 2.4640 40926.6070
32 0.0000 0.0000 40990.9162 0.0000 8.5280 0.0000 0.6160 41000.0602
33 0.0000 0.0000 40780.0484 0.0000 34.1120 0.0000 1.8480 40816.0084
34 0.0000 0.0000 40722.2543 0.0000 29.8480 0.0000 1.2320 40753.3343
35 0.0000 0.0000 40946.8826 0.0000 34.1120 0.0000 1.8480 40982.8426
36 0.0000 0.0000 40897.9142 0.0000 51.1680 0.0000 2.7720 40951.8542
37 0.0000 0.0000 40851.5081 0.0000 25.5840 0.0000 1.5400 40878.6321
38 0.0000 0.0000 40951.8174 0.0000 34.1120 0.0000 1.7556 40987.6850
39 0.0000 0.0000 40886.7160 0.0000 38.3760 0.0000 1.5400 40926.6320
40 0.0000 0.0000 40862.1369 0.0000 38.3760 0.0000 1.2320 40901.7449
41 0.0000 0.0000 40905.5062 0.0000 25.5840 0.0000 1.2320 40932.3222
42 0.0000 0.0000 40960.5482 0.0000 25.5840 0.0000 1.2320 40987.3642
43 0.0000 0.0000 40915.8503 0.0000 25.5840 0.0000 1.2320 40942.6663
44 0.0000 0.0000 40935.2099 0.0000 38.3760 0.0000 1.2320 40974.8179
45 0.0000 0.0000 40966.1473 0.0000 21.3200 0.0000 0.9240 40988.3913
46 0.0000 0.0000 40871.0575 0.0000 25.5840 0.0000 0.9240 40897.5655
47 0.0000 0.0000 40952.2919 0.0000 25.5840 0.0000 1.5400 40979.4159
48 0.0000 0.0000 40859.3848 0.0000 21.3200 0.0000 1.2320 40881.9368
49 0.0000 0.0000 40894.4029 0.0000 29.8480 0.0000 1.5400 40925.7909
50 0.0000 0.0000 40935.8742 0.0000 38.3760 0.0000 2.1560 40976.4062
51 0.0000 0.0000 40946.8826 0.0000 34.1120 0.0000 1.2320 40982.2266
52 0.0000 0.0000 40927.8077 0.0000 46.9040 0.0000 1.8480 40976.5597
53 0.0000 0.0000 40849.2305 0.0000 29.8480 0.0000 1.5400 40880.6185
54 0.0000 0.0000 40862.2318 0.0000 17.0560 0.0000 1.2320 40880.5198
55 0.0000 0.0000 40893.4539 0.0000 29.8480 0.0000 1.8480 40925.1499
56 0.0000 0.0000 40952.3868 0.0000 25.5840 0.0000 1.2320 40979.2028
57 0.0000 0.0000 40983.7987 0.0000 12.7920 0.0000 0.3080 40996.8987
58 0.0000 0.0000 40630.5809 0.0000 38.3760 0.0000 0.9240 40669.8809
59 0.0000 0.0000 40962.6360 0.0000 25.5840 0.0000 1.5400 40989.7600
60 0.0000 0.0000 40913.4778 0.0000 51.1680 0.0000 2.4640 40967.1098
61 0.0000 0.0000 40945.1744 0.0000 34.1120 0.0000 1.5400 40980.8264
62 0.0000 0.0000 40944.4152 0.0000 34.1120 0.0000 1.8480 40980.3752
63 0.0000 0.0000 40966.9065 0.0000 21.3200 0.0000 0.9240 40989.1505
64 0.0000 0.0000 40960.7380 0.0000 25.5840 0.0000 1.5400 40987.8620
65 0.0000 0.0000 40967.7606 0.0000 21.3200 0.0000 1.2320 40990.3126
66 0.0000 0.0000 40801.0213 0.0000 46.9040 0.0000 2.1560 40850.0813
67 0.0000 0.0000 40803.9632 0.0000 38.3760 0.0000 1.8480 40844.1872
68 0.0000 0.0000 40966.0524 0.0000 21.3200 0.0000 1.2320 40988.6044
69 0.0000 0.0000 40954.3797 0.0000 29.8480 0.0000 1.8480 40986.0757
70 0.0000 0.0000 40829.2066 0.0000 29.8480 0.0000 2.0097 40861.0643
71 0.0000 0.0000 40947.7367 0.0000 29.8480 0.0000 1.5400 40979.1247
72 0.0000 0.0000 40896.6805 0.0000 25.5840 0.0000 1.2320 40923.4965
73 0.0000 0.0000 40956.6573 0.0000 25.5840 0.0000 1.5400 40983.7813
74 0.0000 0.0000 40949.8245 0.0000 29.8480 0.0000 1.8480 40981.5205
75 0.0000 0.0000 40820.8554 0.0000 42.6400 0.0000 2.1560 40865.6514
76 0.0000 0.0000 40785.3628 0.0000 51.1680 0.0000 2.4640 40838.9948
77 0.0000 0.0000 40781.2821 0.0000 55.4320 0.0000 2.1560 40838.8701
78 0.0000 0.0000 40876.3719 0.0000 21.3200 0.0000 0.9240 40898.6159
79 0.0000 0.0000 40984.3681 0.0000 12.7920 0.0000 0.9240 40998.0841
80 0.0000 0.0000 40850.0846 0.0000 46.9040 0.0000 2.7720 40899.7606
81 0.0000 0.0000 40949.5398 0.0000 25.5840 0.0000 0.9240 40976.0478
82 0.0000 0.0000 40968.3300 0.0000 21.3200 0.0000 1.5400 40991.1900
83 0.0000 0.0000 40977.0608 0.0000 17.0560 0.0000 1.2320 40995.3488
84 0.0000 0.0000 40593.4750 0.0000 25.5840 0.0000 0.9240 40619.9830
85 0.0000 0.0000 40920.5953 0.0000 21.3200 0.0000 0.9240 40942.8393
86 0.0000 0.0000 40963.0156 0.0000 25.5840 0.0000 1.5400 40990.1396
87 0.0000 0.0000 40983.7038 0.0000 12.7920 0.0000 0.9240 40997.4198
88 0.0000 0.0000 40967.1912 0.0000 21.3200 0.0000 0.9240 40989.4352
89 0.0000 0.0000 40880.7373 0.0000 29.8480 0.0000 1.8480 40912.4333
90 0.0000 0.0000 40957.8910 0.0000 25.5840 0.0000 1.2320 40984.7070
91 0.0000 0.0000 40930.3700 0.0000 17.0560 0.0000 0.9240 40948.3500
92 0.0000 0.0000 40837.0833 0.0000 34.1120 0.0000 1.2320 40872.4273
93 0.0000 0.0000 40968.8045 0.0000 21.3200 0.0000 1.2320 40991.3565
94 0.0000 0.0000 40982.2803 0.0000 12.7920 0.0000 0.9240 40995.9963
95 0.0000 0.0000 40974.4036 0.0000 17.0560 0.0000 1.2320 40992.6916
96 0.0000 0.0000 40952.6715 0.0000 29.8480 0.0000 1.2320 40983.7515
97 0.0000 0.0000 40984.4630 0.0000 12.7920 0.0000 0.9240 40998.1790
98 0.0000 0.0000 40960.7380 0.0000 25.5840 0.0000 1.8480 40988.1700
99 0.0000 0.0000 40941.3784 0.0000 17.0560 0.0000 1.2320 40959.6664
100 0.0000 0.0000 40976.1118 0.0000 17.0560 0.0000 0.9240 40994.0918
101 0.0000 0.0000 40887.0007 0.0000 46.9040 0.0000 2.1560 40936.0607
102 0.0000 0.0000 40970.6076 0.0000 21.3200 0.0000 0.9240 40992.8516
103 0.0000 0.0000 40890.7018 0.0000 38.3760 0.0000 1.5400 40930.6178
104 0.0000 0.0000 40948.9704 0.0000 29.8480 0.0000 1.5400 40980.3584

Average_Source_Energy: 39180.2466 J
Average_Destination_Energy: 40933.8371 J
Total_Average_Energy: 40850.3328 J
