Host : Inquiry : Relay : Scanning : Src_Connection : Dst_Connection : Delivering : Receiving : Total (J)

0 38698.8914 0.0000 0.0000 35.5680 0.0000 67.6104 0.0000 38802.0698
1 39473.6550 0.0000 0.0000 42.7440 0.0000 82.3680 0.0000 39598.7670
2 39663.2652 0.0000 0.0000 33.6960 0.0000 59.1448 0.0000 39756.1060
3 39199.9634 0.0000 0.0000 43.3680 0.0000 106.3920 0.0000 39349.7234
4 39123.0944 0.0000 0.0000 43.9920 0.0000 91.4628 0.0000 39258.5492
5 0.0000 1109.0963 39555.1741 2.1840 38.3760 5.7200 1.8942 40712.4446
6 0.0000 1891.4519 38653.1496 4.6800 68.2240 6.7210 2.4640 40626.6905
7 0.0000 1879.3996 38082.1363 4.6800 89.5440 8.0080 2.4717 40066.2396
8 0.0000 1293.2023 39435.2205 0.9360 81.0160 1.1440 1.8095 40813.3283
9 0.0000 1679.3504 38871.3247 0.9360 72.4880 3.4320 2.4640 40629.9951
10 0.0000 2068.3455 38629.3297 3.1200 63.9600 3.4320 2.4640 40770.6512
11 0.0000 1588.2464 39272.4670 2.8080 42.6400 3.7180 2.3716 40912.2510
12 0.0000 1481.0094 38941.0762 2.8080 38.3760 3.4320 1.8480 40468.5496
13 0.0000 1871.3331 38978.7515 2.8080 51.1680 3.4320 2.4640 40909.9566
14 0.0000 1822.5545 38832.2259 2.1840 93.8080 3.4320 2.4563 40756.6607
15 0.0000 1769.8850 38929.1188 3.1200 38.3760 4.5760 2.1560 40747.2318
16 0.0000 1848.8418 38971.1595 2.1840 42.6400 4.5760 2.1560 40871.5573
17 0.0000 2116.2700 38585.5808 2.4960 76.7520 3.4320 2.7720 40787.3028
18 0.0000 2021.8445 38658.6538 2.4960 72.4880 6.8640 2.4640 40764.8103
19 0.0000 1602.1967 39173.8659 1.5600 46.9040 1.1440 1.8480 40827.5186
20 0.0000 2120.3507 38643.9443 3.1200 85.2800 8.0080 2.5179 40863.2209
21 0.0000 1336.2869 39556.4078 0.9360 25.5840 2.2880 1.5400 40923.0427
22 0.0000 1821.1310 38698.9863 2.1840 76.7520 2.2880 2.1560 40603.4973
23 0.0000 1361.4354 39472.8009 1.2480 42.6400 2.2880 1.5400 40881.9523
24 0.0000 1813.9186 39162.3830 1.8720 55.4320 0.0000 1.8480 41035.4536
25 0.0000 2451.6466 38319.1965 2.8080 89.5440 3.4320 3.0800 40869.7071
26 0.0000 2263.0803 38195.7316 2.8080 63.9600 3.4320 2.8490 40531.8609
27 0.0000 1388.3870 39550.4291 0.6240 29.8480 2.2880 1.5400 40973.1161
28 0.0000 1767.7023 38529.7796 4.6800 68.2240 5.7200 2.4640 40378.5699
29 0.0000 1896.1969 38914.1246 1.8720 63.9600 4.5760 2.1560 40882.8855
30 0.0000 1550.0017 38859.3673 2.8080 55.4320 1.1440 2.1560 40470.9090
31 0.0000 2055.9136 38682.9482 3.4320 42.6400 5.7200 2.4640 40793.1178
32 0.0000 1402.8118 39514.9365 0.0000 46.9040 0.0000 1.5400 40966.1923
33 0.0000 1632.1851 39243.6174 1.5600 55.4320 0.0000 1.8480 40934.6425
34 0.0000 1058.1350 39816.0542 1.5600 51.1680 2.2880 0.9240 40930.1292
35 0.0000 1897.2408 38970.1156 1.2480 51.1680 2.2880 2.4640 40924.5244
36 0.0000 1654.8662 38899.1304 2.1840 51.1680 2.2880 2.1560 40611.7926
37 0.0000 1786.4925 38824.9186 2.8080 63.9600 9.1520 2.4640 40689.7951
38 0.0000 1824.1678 38975.5249 2.4960 46.9040 2.2880 1.8480 40853.2287
39 0.0000 1352.2301 39509.9068 2.4960 46.9040 4.5760 1.5400 40917.6529
40 0.0000 2443.8648 38317.8679 1.5600 81.0160 4.5760 2.7720 40851.6567
41 0.0000 2180.0428 38204.5573 2.1840 102.3360 3.4320 2.7720 40495.3241
42 0.0000 1661.6990 38961.8593 1.8720 63.9600 6.8640 2.3562 40698.6105
43 0.0000 1591.0934 39190.9479 0.9360 68.2240 1.1440 1.8480 40854.1933
44 0.0000 2186.6858 38620.5989 1.8720 89.5440 4.5760 2.4640 40905.7407
45 0.0000 1762.2930 38961.6695 2.4960 51.1680 4.5760 2.4640 40784.6665
46 0.0000 2346.2127 38349.6594 3.1200 68.2240 3.4320 3.0800 40773.7281
47 0.0000 1929.1272 38972.2983 1.8720 38.3760 3.4320 2.1560 40947.2615
48 0.0000 1560.8203 39209.0738 3.4320 81.0160 4.5760 1.8480 40860.7661
49 0.0000 1370.7356 39238.6826 2.4960 59.6960 4.5760 1.8480 40678.0342
50 0.0000 1566.0398 39137.0447 2.8080 55.4320 9.1520 1.8480 40772.3245
51 0.0000 1334.5787 39449.2657 2.8080 51.1680 4.5760 1.5400 40843.9364
52 0.0000 2302.5587 38349.1849 1.8720 76.7520 2.2880 2.7720 40735.4276
53 0.0000 1663.6919 39248.0777 0.3120 46.9040 0.0000 1.8480 40960.8336
54 0.0000 1308.1016 39370.8783 3.7440 55.4320 4.5760 1.5400 40744.2719
55 0.0000 1626.8707 39248.9318 2.4960 38.3760 3.4320 1.8480 40921.9545
56 0.0000 2148.3462 38507.0985 3.7440 76.7520 8.0080 2.4640 40746.4127
57 0.0000 1730.7862 38899.9845 3.4320 85.2800 6.8640 2.1560 40728.5027
58 0.0000 1572.1134 39245.6103 3.1200 55.4320 8.0080 1.8480 40886.1317
59 0.0000 1186.9143 39505.9210 2.4960 42.6400 3.4320 1.8480 40743.2513
60 0.0000 2162.3914 38690.7300 3.4320 42.6400 4.5760 2.4640 40906.2334
61 0.0000 2145.7839 38321.7588 2.8080 93.8080 3.4320 3.0800 40570.6707
62 0.0000 2157.9311 38633.4104 3.7440 51.1680 9.1520 2.4640 40857.8695
63 0.0000 1883.8599 38879.8657 1.2480 68.2240 2.2880 2.1560 40837.6416
64 0.0000 1557.9733 39151.0899 2.8080 81.0160 2.2880 2.1560 40797.3312
65 0.0000 1580.4646 39234.7917 3.4320 34.1120 3.4320 1.8480 40858.0803
66 0.0000 1564.8061 39163.0473 3.1200 81.0160 5.7200 1.8480 40819.5574
67 0.0000 1528.3645 39240.0112 3.1200 46.9040 3.4320 1.8480 40823.6797
68 0.0000 1899.2337 38650.5873 3.7440 81.0160 2.2880 2.4640 40639.3330
69 0.0000 1777.8566 38365.4128 3.7440 63.9600 6.8640 2.4640 40220.3014
70 0.0000 1522.4807 39127.4598 0.6240 72.4880 1.1440 1.8480 40726.0445
71 0.0000 2114.4669 38576.8500 4.0560 76.7520 9.1520 2.4640 40783.7409
72 0.0000 1938.9968 38137.4630 0.6240 63.9600 2.2880 2.1560 40145.4878
73 0.0000 1256.8556 39504.9720 1.5600 63.9600 1.1440 1.5400 40830.0316
74 0.0000 1830.3363 38937.3751 3.1200 51.1680 3.4320 2.1560 40827.5874
75 0.0000 1840.3957 37993.4997 3.7440 76.7520 6.8640 2.7720 39924.0274
76 0.0000 1792.6610 38880.4351 3.4320 81.0160 5.7200 2.1560 40765.4201
77 0.0000 1799.3989 38963.9471 1.2480 55.4320 1.1440 2.1560 40823.3260
78 0.0000 1653.3478 38720.4337 1.5600 81.0160 3.4320 2.1560 40461.9455
79 0.0000 1162.8097 39498.6137 1.8720 59.6960 1.1440 1.5400 40725.6754
80 0.0000 1616.6215 39267.7220 0.9360 34.1120 1.1440 1.8480 40922.3835
81 0.0000 1562.2438 39070.0453 2.1840 59.6960 3.4320 1.8480 40699.4491
82 0.0000 1593.0863 39244.9460 3.4320 51.1680 0.0000 1.8788 40894.5111
83 0.0000 1904.7379 38686.8391 1.8720 81.0160 0.0000 2.4640 40676.9290
84 0.0000 1354.0332 39282.7162 1.5600 42.6400 4.5760 1.5400 40687.0654
85 0.0000 2407.0436 38212.7187 3.1200 106.6000 3.4606 3.0800 40736.0229
86 0.0000 803.3285 40107.8717 1.5600 29.8480 4.5760 0.9240 40948.1082
87 0.0000 1565.9449 38815.8082 3.1200 59.6960 5.9202 2.1560 40452.6453
88 0.0000 1208.7413 39539.8952 1.8720 34.1120 2.2880 1.5400 40788.4485
89 0.0000 1627.5350 39199.7736 1.2480 63.9600 1.1440 1.5400 40895.2006
90 0.0000 1511.3774 39188.0060 3.7440 93.8080 4.5760 1.8480 40803.3594
91 0.0000 2359.6885 38388.5684 2.4960 68.2240 2.2880 2.7720 40824.0369
92 0.0000 1054.6237 39805.1407 3.1200 29.8480 6.4636 1.2320 40900.4280
93 0.0000 2386.3554 38290.6316 2.8080 93.8080 4.5760 2.7720 40780.9510
94 0.0000 1725.1871 38960.1511 4.3680 63.9600 6.8354 2.1560 40762.6576
95 0.0000 1470.5704 39249.7859 3.1200 38.3760 6.8640 1.8480 40770.5643
96 0.0000 1586.5382 39182.3120 1.8720 46.9040 2.2880 1.8480 40821.7622
97 0.0000 1974.2047 38637.3013 3.1200 46.9040 7.6362 2.7720 40671.9382
98 0.0000 2280.3521 38336.9428 2.1840 106.6000 0.0000 2.7720 40728.8509
99 0.0000 1322.2417 39539.4207 2.1840 38.3760 0.0000 1.5400 40903.7624
100 0.0000 1085.9407 39535.9094 2.4960 51.1680 5.8916 1.5400 40682.9457
101 0.0000 2075.1783 38462.6853 4.0560 85.2800 6.8640 2.7720 40636.8356
102 0.0000 2485.5259 38086.0272 4.6800 72.4880 4.5760 3.0800 40656.3771
103 0.0000 919.2963 39226.4405 0.9360 46.9040 1.1440 1.5246 40196.2454
104 0.0000 2015.7709 38678.3930 4.0560 46.9040 4.5760 2.4640 40752.1639

Average_Source_Energy: 39353.0431 J
Average_Destination_Energy: 40745.7113 J
Total_Average_Energy: 40679.3938 J
