Host : Inquiry : Relay : Scanning : Src_Connection : Dst_Connection : Delivering : Receiving : Total (J)

0 38859.5571 0.0000 0.0000 37.1280 0.0000 48.0480 0.0000 38944.7331
1 39134.4824 0.0000 0.0000 37.1280 0.0000 56.0560 0.0000 39227.6664
2 38852.0600 0.0000 0.0000 47.4240 0.0000 54.9120 0.0000 38954.3960
3 39454.2005 0.0000 0.0000 42.7440 0.0000 55.3982 0.0000 39552.3427
4 38861.5500 0.0000 0.0000 43.0560 0.0000 48.0480 0.0000 38952.6540
5 0.0000 8522.7792 31422.6237 8.4240 187.6160 5.7200 3.6960 40150.8589
6 0.0000 6692.5378 33929.0276 3.4320 127.9200 6.8640 2.4640 40762.2454
7 0.0000 8225.6473 32254.0426 4.6800 119.3920 6.8640 3.0800 40613.7059
8 0.0000 8226.4065 32005.4995 7.8000 191.8800 8.0080 3.3880 40442.9820
9 0.0000 7797.8381 32598.7194 10.2960 76.7520 13.7280 3.0800 40500.4135
10 0.0000 6892.9666 33153.0303 9.6720 98.0720 9.1520 2.7720 40165.6649
11 0.0000 6717.5914 32578.2210 8.4240 132.1840 8.0080 3.3880 39447.8164
12 0.0000 7305.4969 31981.6796 7.4880 183.3520 8.0080 3.3033 39489.3278
13 0.0000 8747.4075 31431.1647 8.7360 157.7680 5.7200 3.3880 40354.1842
14 0.0000 9009.9009 31356.1937 7.1760 157.7680 9.1520 3.3880 40543.5786
15 0.0000 7440.0651 32684.1294 5.9280 153.5040 13.7280 3.3880 40300.7425
16 0.0000 7492.8295 32329.5830 9.6720 127.9200 5.7200 3.0800 39968.8045
17 0.0000 9107.7428 31176.9276 4.9920 153.5040 8.0080 3.3880 40454.5624
18 0.0000 7873.5683 32344.8619 11.2320 123.6560 8.0080 3.0800 40364.4062
19 0.0000 7369.4595 33170.4919 7.4880 136.4480 10.2960 2.7720 40696.9554
20 0.0000 8929.6155 31555.0092 7.4880 89.5440 11.4400 3.3880 40596.4847
21 0.0000 8534.4519 31583.6690 10.2960 132.1840 12.5840 3.3880 40276.5729
22 0.0000 7244.0966 33124.0858 5.9280 127.9200 9.1520 2.7720 40513.9544
23 0.0000 8084.1514 32225.2879 7.8000 123.6560 8.0080 3.3880 40452.2913
24 0.0000 7045.6607 33131.0135 7.4880 106.6000 6.8640 2.7720 40300.3982
25 0.0000 7337.2884 33115.1652 9.6720 93.8080 16.0160 3.0800 40575.0296
26 0.0000 8607.3351 31103.7597 7.1760 174.8240 6.8640 3.3880 39903.3468
27 0.0000 7887.8982 32361.0898 6.5520 98.0720 10.2960 3.3880 40367.2960
28 0.0000 8036.2269 32318.2899 6.5520 144.9760 3.4320 3.0800 40512.5568
29 0.0000 8116.9868 32065.7610 9.0480 149.2400 14.8720 3.3880 40359.2958
30 0.0000 8068.9674 32199.0006 5.3040 170.5600 4.5760 3.0800 40451.4880
31 0.0000 8926.1991 31426.0401 7.4880 153.5040 2.6598 3.3880 40519.2790
32 0.0000 7092.3515 33111.3692 8.1120 149.2400 9.1520 2.7720 40372.9967
33 0.0000 8529.7069 31457.2622 13.4160 119.3920 18.3040 3.3880 40141.4691
34 0.0000 7058.1875 33045.1290 7.1760 110.8640 9.1520 2.7720 40233.2805
35 0.0000 7249.6008 33191.4648 7.8000 149.2400 2.2880 2.7720 40603.1656
36 0.0000 8724.8213 31383.3351 9.9840 166.2960 18.3040 3.3880 40306.1284
37 0.0000 8626.2202 31319.5623 10.2960 132.1840 8.8946 3.6960 40100.8531
38 0.0000 7495.3918 32247.7792 11.2320 144.9760 8.0080 3.2956 39910.6826
39 0.0000 6923.6193 33021.3091 8.7360 149.2400 11.4400 2.7720 40117.1164
40 0.0000 8955.2385 31232.3492 8.4240 136.4480 12.5840 3.3880 40348.4317
41 0.0000 7320.3013 33195.8302 7.1760 98.0720 10.2960 2.9568 40634.6323
42 0.0000 6469.6177 34070.2388 8.4240 93.8080 9.1520 2.4640 40653.7045
43 0.0000 7366.5176 33212.2479 5.9280 115.1280 10.2960 2.7720 40712.8895
44 0.0000 8836.0441 31464.8542 9.6720 136.4480 10.0958 3.6960 40460.8101
45 0.0000 7873.2836 32321.5165 5.6160 123.6560 8.0080 3.0800 40335.1601
46 0.0000 8663.7057 31357.5223 10.2960 153.5040 10.0672 3.3880 40198.4832
47 0.0000 6534.6242 34040.4402 8.4240 93.8080 9.1520 2.4640 40688.9124
48 0.0000 6278.3942 33878.4459 7.4880 170.5600 11.4400 2.7720 40349.1001
49 0.0000 6523.9954 33976.6674 4.9920 110.8640 2.2880 2.4640 40621.2708
50 0.0000 8945.2740 31507.4643 6.2400 127.9200 10.2960 3.3880 40600.5823
51 0.0000 7878.3133 32343.2486 8.1120 144.9760 5.7200 3.0800 40383.4499
52 0.0000 8222.9901 32286.4035 7.8000 153.5040 12.5840 3.0800 40686.3616
53 0.0000 7381.4169 32862.5414 5.9280 144.9760 3.4320 3.0107 40401.3050
54 0.0000 6712.9413 33473.7923 5.6160 132.1840 10.2960 2.7720 40337.6016
55 0.0000 8201.9223 32237.9096 9.3600 140.7120 22.8800 3.0800 40615.8639
56 0.0000 5178.5032 34499.1868 4.9920 110.8640 5.7200 2.4640 39801.7300
57 0.0000 7320.3962 33316.3532 4.3680 115.1280 3.4320 3.0800 40762.7574
58 0.0000 7199.3987 32699.0287 8.4240 162.0320 9.1520 2.7720 40080.8074
59 0.0000 8079.3115 32321.9910 7.1760 157.7680 10.2960 3.0800 40579.6225
60 0.0000 8778.9143 31411.1408 8.7360 140.7120 6.8640 3.6960 40350.0631
61 0.0000 8895.0719 31449.8600 8.1120 153.5040 6.8640 3.3880 40516.7999
62 0.0000 8734.3113 31446.1589 9.6720 187.6160 2.2880 3.6960 40383.7422
63 0.0000 8130.6524 32399.1447 9.0480 89.5440 3.4320 2.7720 40634.5931
64 0.0000 9021.3838 31481.8413 8.1120 140.7120 9.1520 3.6960 40664.8971
65 0.0000 7206.0417 33119.3408 8.7360 149.2400 6.8640 2.7720 40492.9945
66 0.0000 7863.6038 31897.2186 8.4240 213.2000 14.8720 3.0800 40000.3984
67 0.0000 8085.2902 32162.1794 7.8000 136.4480 3.4320 2.7720 40397.9216
68 0.0000 7263.3613 33087.6442 8.4240 115.1280 12.5840 2.8721 40490.0136
69 0.0000 8053.6885 32151.8353 8.1120 123.6560 9.1520 2.7720 40349.2158
70 0.0000 7744.6941 32380.9239 7.4880 157.7680 8.0080 3.0800 40301.9620
71 0.0000 7838.7400 32163.9825 10.6080 174.8240 5.7200 3.0800 40196.9545
72 0.0000 7440.8243 32859.6944 7.1760 127.9200 10.2960 3.0800 40448.9907
73 0.0000 7023.0745 32954.8791 6.2400 144.9760 6.8640 3.0800 40139.1136
74 0.0000 8706.5056 31426.4197 9.9840 179.0880 8.0080 4.3120 40334.3173
75 0.0000 8647.7625 31310.7366 12.1680 179.0880 11.4400 3.3880 40164.5831
76 0.0000 8739.9104 31441.3190 7.1760 196.1440 10.2960 3.3880 40398.2334
77 0.0000 7580.5171 32303.9600 12.1680 136.4480 17.7892 3.3880 40054.2703
78 0.0000 8577.9161 31329.4319 9.0480 136.4480 10.2960 3.6960 40066.8360
79 0.0000 8199.3600 32345.4313 7.4880 136.4480 9.8384 3.0800 40701.6457
80 0.0000 8990.0668 31230.2614 8.4240 166.2960 3.4320 3.3880 40401.8682
81 0.0000 6987.1074 33056.9915 9.3600 98.0720 12.5840 2.7720 40166.8869
82 0.0000 7193.1353 33173.4338 5.9280 127.9200 6.8640 2.7720 40510.0531
83 0.0000 8699.3881 31345.4700 6.8640 149.2400 8.0080 3.3880 40212.3581
84 0.0000 5186.5697 34945.8811 8.7360 98.0720 8.0080 2.1560 40249.4228
85 0.0000 8867.9305 31377.2615 8.4240 136.4480 6.8640 3.3880 40400.3160
86 0.0000 8180.2851 32358.6224 5.6160 110.8640 3.4320 3.0800 40661.8995
87 0.0000 7309.1031 33004.3220 5.3040 110.8640 9.1520 2.7720 40441.5171
88 0.0000 6327.1728 33970.2142 5.3040 93.8080 4.5760 2.4640 40403.5390
89 0.0000 7132.9687 33301.0743 8.4240 85.2800 13.7280 2.7720 40544.2470
90 0.0000 8089.2760 32365.9297 9.3600 136.4480 9.1520 3.0800 40613.2457
91 0.0000 7039.7769 33100.5506 9.6720 106.6000 14.8720 2.7720 40274.2435
92 0.0000 6855.7658 33088.5932 9.6720 119.3920 12.5554 3.0800 40089.0584
93 0.0000 8090.1301 32319.6185 7.1760 144.9760 8.0080 3.3264 40573.2350
94 0.0000 7416.3401 33246.1272 5.3040 85.2800 3.4320 2.7720 40759.2553
95 0.0000 6255.7131 33134.5248 6.5520 136.4480 10.2960 2.4640 39545.9979
96 0.0000 5678.5313 34857.0547 5.3040 174.8240 9.1520 2.4101 40727.2761
97 0.0000 9025.3696 31431.3545 8.1120 174.8240 8.0080 3.6960 40651.3641
98 0.0000 7387.3007 33118.2969 5.9280 110.8640 6.8640 2.7720 40632.0256
99 0.0000 8805.3914 31497.9743 8.7360 153.5040 5.7200 3.5574 40474.8831
100 0.0000 7141.0352 33162.8050 9.0480 119.3920 4.5760 2.7720 40439.6282
101 0.0000 8669.0201 31470.3584 10.6080 157.7680 9.1520 3.6960 40320.6025
102 0.0000 8123.4400 32319.4287 10.6080 149.2400 14.8720 3.0800 40620.6687
103 0.0000 7864.4579 32282.4177 7.4880 149.2400 10.2960 3.0800 40316.9796
104 0.0000 7118.6388 33014.8559 8.7360 174.8240 5.7200 3.3803 40326.1550

Average_Source_Energy: 39126.3584 J
Average_Destination_Energy: 40375.6768 J
Total_Average_Energy: 40316.1855 J
