Host : Inquiry : Relay : Scanning : Src_Connection : Dst_Connection : Delivering : Receiving : Total (J)

0 5464.3324 0.0000 0.0000 20.8620 0.0000 30.0228 0.0000 5515.2172
1 5573.7300 0.0000 0.0000 25.0710 0.0000 36.5760 0.0000 5635.3770
2 5600.5032 0.0000 0.0000 19.7640 0.0000 26.2636 0.0000 5646.5308
3 5535.0844 0.0000 0.0000 25.4370 0.0000 47.2440 0.0000 5607.7654
4 5524.2304 0.0000 0.0000 25.8030 0.0000 40.6146 0.0000 5590.6480
5 0.0000 86.9104 613.9597 1.4640 6.4936 2.5400 2.9274 714.2950
6 0.0000 148.2169 599.9588 2.3790 14.6106 2.9845 3.8080 771.9578
7 0.0000 147.2724 591.0958 3.2940 14.6106 3.5560 3.8199 763.6487
8 0.0000 101.3372 612.0978 0.7320 14.6106 0.5080 2.7965 732.0821
9 0.0000 131.5963 603.3452 0.7320 12.9872 1.5240 3.8080 753.9927
10 0.0000 162.0785 599.5891 1.8300 12.1755 1.5240 3.8080 781.0051
11 0.0000 124.4573 609.5716 1.6470 8.1170 1.6510 3.6652 749.1091
12 0.0000 116.0540 604.4279 1.2810 8.9287 1.5240 2.8560 735.0716
13 0.0000 146.6403 605.0127 1.2810 11.3638 1.5240 3.8080 769.6298
14 0.0000 142.8180 602.7383 1.4640 17.0457 1.5240 3.7961 769.3861
15 0.0000 138.6907 604.2423 1.8300 7.3053 2.0320 3.3320 757.4323
16 0.0000 144.8779 604.8948 1.0980 8.9287 2.0320 3.3320 765.1634
17 0.0000 165.8339 598.9100 1.4640 14.6106 1.5240 4.2840 786.6266
18 0.0000 158.4346 600.0442 1.2810 14.6106 3.0480 3.8080 781.2265
19 0.0000 125.5504 608.0411 0.5490 10.5521 0.5080 2.8560 748.0567
20 0.0000 166.1537 599.8159 1.8300 16.2340 3.5560 3.8913 791.4809
21 0.0000 104.7134 613.9788 0.5490 4.8702 1.0160 2.3800 727.5074
22 0.0000 142.7064 600.6703 1.0980 15.4223 1.0160 3.3320 764.2450
23 0.0000 106.6840 612.6811 0.7320 8.1170 1.0160 2.3800 731.6101
24 0.0000 142.1413 607.8629 1.2810 9.7404 0.0000 2.8560 763.8816
25 0.0000 192.1145 594.7753 1.4640 17.8574 1.5240 4.7600 812.4952
26 0.0000 177.3382 592.8589 1.6470 12.1755 1.5240 4.4030 789.9466
27 0.0000 108.7960 613.8860 0.3660 5.6819 1.0160 2.3800 732.1259
28 0.0000 138.5197 598.0439 2.5620 13.7989 2.5400 3.8080 759.2725
29 0.0000 148.5887 604.0095 1.0980 12.1755 2.0320 3.3320 771.2357
30 0.0000 121.4604 603.1596 2.0130 8.9287 0.5080 3.3320 739.4017
31 0.0000 161.1043 600.4213 1.8300 8.9287 2.5400 3.8080 778.6323
32 0.0000 109.9263 613.3351 0.0000 8.9287 0.0000 2.3800 734.5701
33 0.0000 127.9004 609.1238 0.9150 10.5521 0.0000 2.8560 751.3473
34 0.0000 82.9170 618.0089 1.0980 8.9287 1.0160 1.4280 713.3966
35 0.0000 148.6705 604.8786 0.9150 8.9287 1.0160 3.8080 768.2168
36 0.0000 129.6777 603.7768 1.0980 10.5521 1.0160 3.3320 749.4526
37 0.0000 139.9921 602.6249 2.0130 10.5521 4.0640 3.8080 763.0541
38 0.0000 142.9444 604.9626 1.4640 8.9287 1.0160 2.8560 762.1717
39 0.0000 105.9627 613.2570 1.4640 8.9287 2.0320 2.3800 734.0244
40 0.0000 191.5047 594.7547 1.0980 14.6106 2.0320 4.2840 808.2840
41 0.0000 170.8313 592.9959 1.0980 20.2925 1.5240 4.2840 791.0257
42 0.0000 130.2131 604.7505 1.2810 11.3638 3.0480 3.6414 754.2978
43 0.0000 124.6804 608.3063 0.9150 11.3638 0.5080 2.8560 748.6294
44 0.0000 171.3518 599.4536 1.0980 17.0457 2.0320 3.8080 794.7891
45 0.0000 138.0958 604.7475 1.4640 9.7404 2.0320 3.8080 759.8877
46 0.0000 183.8526 595.2481 1.4640 14.6106 1.5240 4.7600 801.4593
47 0.0000 151.1692 604.9125 1.0980 7.3053 1.5240 3.3320 769.3410
48 0.0000 122.3081 608.5876 1.6470 17.0457 2.0320 2.8560 754.4764
49 0.0000 107.4128 609.0472 1.6470 10.5521 2.0320 2.8560 733.5471
50 0.0000 122.7171 607.4696 1.6470 10.5521 4.0640 2.8560 749.3058
51 0.0000 104.5795 612.3158 1.6470 9.7404 2.0320 2.3800 732.6947
52 0.0000 180.4318 595.2408 1.0980 14.6106 1.0160 4.2840 796.6812
53 0.0000 130.3693 609.1930 0.1830 8.9287 0.0000 2.8560 751.5300
54 0.0000 102.5047 611.0991 2.1960 10.5521 2.0320 2.3800 730.7639
55 0.0000 127.4839 609.2063 1.4640 7.3053 1.5240 2.8560 749.8395
56 0.0000 168.3475 597.6918 2.1960 14.6106 3.5560 3.8080 790.2099
57 0.0000 135.6269 603.7901 1.8300 17.0457 3.0480 3.3320 764.6727
58 0.0000 123.1931 609.1547 2.0130 9.7404 3.5560 2.8560 750.5132
59 0.0000 93.0083 613.1952 1.4640 8.1170 1.5240 2.8560 720.1645
60 0.0000 169.4481 600.5421 1.8300 8.9287 2.0320 3.8080 786.5889
61 0.0000 168.1467 594.8151 1.6470 17.8574 1.5240 4.7600 788.7502
62 0.0000 169.0986 599.6524 2.1960 9.7404 4.0640 3.8080 788.5594
63 0.0000 147.6220 603.4778 0.9150 12.1755 1.0160 3.3320 768.5383
64 0.0000 122.0850 607.6876 1.2810 17.0457 1.0160 3.3320 752.4473
65 0.0000 123.8475 608.9868 2.0130 6.4936 1.5240 2.8560 745.7209
66 0.0000 122.6204 607.8732 1.8300 15.4223 2.5400 2.8560 753.1420
67 0.0000 119.7648 609.0678 1.2810 11.3638 1.5240 2.8560 745.8575
68 0.0000 148.8267 599.9190 2.5620 13.7989 1.0160 3.8080 769.9306
69 0.0000 139.3154 595.4927 2.3790 11.3638 3.0480 3.8080 755.4068
70 0.0000 119.3038 607.3208 0.5490 12.9872 0.5080 2.8560 743.5248
71 0.0000 165.6927 598.7745 2.1960 15.4223 4.0640 3.8080 789.9575
72 0.0000 151.9426 591.9545 0.3660 12.1755 1.0160 3.3320 760.7866
73 0.0000 98.4890 613.1804 0.9150 12.1755 0.5080 2.3800 727.6479
74 0.0000 143.4278 604.3704 1.6470 10.5521 1.5240 3.3320 764.8533
75 0.0000 144.2160 589.7200 1.8300 16.2340 3.0480 4.2840 759.3320
76 0.0000 140.4755 603.4866 2.5620 12.9872 2.5400 3.3320 765.3833
77 0.0000 141.0035 604.7829 1.0980 8.9287 0.5080 3.3320 759.6530
78 0.0000 129.5587 601.0031 0.9150 15.4223 1.5240 3.3320 751.7552
79 0.0000 91.1194 613.0817 1.2810 10.5521 0.5080 2.3800 718.9223
80 0.0000 126.6808 609.4979 0.3660 7.3053 0.5080 2.8560 747.2140
81 0.0000 122.4197 606.4297 1.6470 9.7404 1.5240 2.8560 744.6167
82 0.0000 124.8365 609.1444 1.8300 10.5521 0.0000 2.9036 749.2666
83 0.0000 149.2580 600.4817 1.4640 13.7989 0.0000 3.8080 768.8106
84 0.0000 106.1040 609.7307 0.9150 8.1170 2.0320 2.3800 729.2787
85 0.0000 188.6194 593.1226 1.8300 20.2925 1.5367 4.7600 810.1612
86 0.0000 62.9500 622.5384 0.9150 5.6819 2.0320 1.4280 695.5453
87 0.0000 122.7097 602.4835 2.0130 10.5521 2.6289 3.3320 743.7192
88 0.0000 94.7187 613.7225 1.0980 6.4936 1.0160 2.3800 719.4288
89 0.0000 127.5360 608.4433 0.7320 12.1755 0.5080 2.3800 751.7747
90 0.0000 118.4337 608.2606 2.1960 17.8574 2.0320 2.8560 751.6357
91 0.0000 184.9086 595.8521 1.2810 13.7989 1.0160 4.2840 801.1405
92 0.0000 82.6418 617.8395 1.8300 5.6819 2.8702 1.9040 712.7675
93 0.0000 186.9982 594.3319 1.8300 17.0457 2.0320 4.2840 806.5219
94 0.0000 135.1881 604.7239 2.5620 12.1755 3.0353 3.3320 761.0169
95 0.0000 115.2360 609.2195 1.8300 7.3053 3.0480 2.8560 739.4948
96 0.0000 124.3234 608.1722 1.0980 8.9287 1.0160 2.8560 746.3943
97 0.0000 154.7015 599.7128 1.8300 8.9287 3.3909 4.2840 772.8479
98 0.0000 178.6917 595.0508 0.9150 21.9159 0.0000 4.2840 800.8573
99 0.0000 103.6128 613.7151 1.2810 7.3053 0.0000 2.3800 728.2942
100 0.0000 85.0959 613.6606 1.4640 9.7404 2.6162 2.3800 714.9571
101 0.0000 162.6139 597.0025 2.0130 17.8574 3.0480 4.2840 786.8188
102 0.0000 194.7694 591.1561 3.1110 12.1755 2.0320 4.7600 808.0040
103 0.0000 72.0374 608.8572 0.3660 9.7404 0.5080 2.3562 693.8652
104 0.0000 157.9587 600.3506 2.3790 8.9287 2.0320 3.8080 775.4570

Average_Source_Energy: 5599.1077 J
Average_Destination_Energy: 758.2551 J
Total_Average_Energy: 988.7719 J
