Host : Inquiry : Relay : Scanning : Src_Connection : Dst_Connection : Delivering : Receiving : Total (J)

0 5577.1336 0.0000 0.0000 19.3980 0.0000 28.9560 0.0000 5625.4876
1 5607.0022 0.0000 0.0000 23.0580 0.0000 41.1480 0.0000 5671.2082
2 5619.5982 0.0000 0.0000 20.4960 0.0000 38.6080 0.0000 5678.7022
3 5589.2740 0.0000 0.0000 23.9730 0.0000 36.5760 0.0000 5649.8230
4 5370.1572 0.0000 0.0000 30.0120 0.0000 46.4312 0.0000 5446.6004
5 0.0000 134.0503 604.8639 2.0130 9.7404 1.5240 3.3320 755.5236
6 0.0000 126.4354 603.5824 1.4640 17.0457 1.0160 3.0464 752.5898
7 0.0000 156.7094 600.2210 1.2810 13.7989 2.0320 4.2840 778.3263
8 0.0000 148.2020 600.8544 1.0980 12.1755 1.0160 3.3320 766.6779
9 0.0000 115.1096 609.5672 2.9280 8.1170 3.0480 3.3320 742.1018
10 0.0000 123.2600 609.6099 1.6470 6.4936 3.5560 2.8560 747.4225
11 0.0000 162.8965 599.9013 1.4640 17.0457 0.5080 4.2840 786.0996
12 0.0000 169.1506 599.0087 1.2810 15.4223 1.5240 4.2840 790.6706
13 0.0000 125.4612 609.3521 0.1830 8.1170 0.5080 1.9040 745.5253
14 0.0000 150.8345 604.3984 0.9150 12.1755 0.1651 3.3320 771.8205
15 0.0000 190.3744 586.3748 2.3790 15.4223 2.5400 4.2840 801.3745
16 0.0000 98.4295 610.9150 1.8300 10.5521 1.5240 2.3800 725.6306
17 0.0000 162.7924 595.8963 1.2810 21.1042 0.5080 3.8080 785.3899
18 0.0000 135.3592 605.1334 0.5490 5.6819 0.5080 3.3320 750.5635
19 0.0000 92.8075 613.6916 2.0130 8.9287 2.5400 2.3800 722.3608
20 0.0000 128.3763 608.7261 0.1830 14.6106 0.0000 2.8560 754.7520
21 0.0000 177.9406 595.2805 2.7450 15.4223 2.5400 4.2840 798.2124
22 0.0000 104.8695 613.9832 1.0980 6.4936 1.0160 2.3800 729.8403
23 0.0000 111.0046 609.1002 2.0130 8.1170 2.5400 2.8560 735.6309
24 0.0000 138.9361 604.0861 1.4640 16.2340 1.0160 3.3320 765.0683
25 0.0000 126.2643 609.0870 1.0980 12.1755 0.5080 3.0107 752.1435
26 0.0000 81.4371 618.3580 1.6470 6.4936 2.0320 1.9040 711.8717
27 0.0000 84.3002 617.9426 0.7320 10.5521 0.5080 1.9040 715.9389
28 0.0000 126.2197 608.6760 1.4640 12.9872 2.0320 2.8560 754.2349
29 0.0000 84.8876 617.5832 0.5490 11.3638 0.5080 1.9040 716.7957
30 0.0000 203.3883 590.5242 1.6470 15.4223 1.5240 4.7600 817.2658
31 0.0000 113.6148 608.8690 0.5490 14.6106 1.0160 2.8560 741.5154
32 0.0000 157.8397 600.1989 2.0130 12.1755 4.5720 3.8080 780.6071
33 0.0000 112.7002 608.8395 2.0130 8.1170 2.0320 2.8560 736.5577
34 0.0000 126.6808 603.4159 2.0130 12.9872 2.5400 3.3320 750.9689
35 0.0000 125.5579 606.6757 1.2810 8.1170 0.9779 2.8560 745.4654
36 0.0000 150.2917 577.3232 0.9150 17.0457 2.0320 4.2840 751.8916
37 0.0000 123.8921 608.1840 0.7320 13.7989 0.0000 3.5700 750.1770
38 0.0000 79.7788 616.2104 1.2810 12.9872 2.5400 1.9040 714.7014
39 0.0000 127.9301 582.8366 0.9150 15.4223 0.5080 4.7600 732.3720
40 0.0000 98.5708 612.4439 1.4640 12.1755 2.0320 2.8560 729.5422
41 0.0000 134.4519 607.7274 1.0980 8.9287 1.0160 3.8080 757.0300
42 0.0000 190.8726 595.7445 2.0130 9.7404 5.0800 4.2840 807.7346
43 0.0000 129.0233 609.0605 0.7320 8.9287 1.5240 2.8560 752.1244
44 0.0000 146.1570 603.7650 2.5620 8.1170 2.5400 3.3320 766.4730
45 0.0000 107.4202 613.2983 0.7320 8.9287 0.5080 2.3800 733.2672
46 0.0000 100.8166 611.7457 1.2810 17.0457 0.0000 2.8441 733.7332
47 0.0000 106.8848 613.8109 0.9150 5.6819 1.5240 2.3800 731.1966
48 0.0000 147.0791 603.6339 0.1830 12.9872 0.0000 3.3320 767.2152
49 0.0000 178.7660 593.6794 2.0130 12.9872 3.5560 4.2840 795.2856
50 0.0000 141.4199 603.6575 2.1960 12.9872 2.5400 3.3320 766.1326
51 0.0000 169.7009 600.1547 1.8300 12.1755 2.5400 3.8080 790.2091
52 0.0000 105.3678 612.9492 1.0980 7.3053 0.5080 2.8560 730.0842
53 0.0000 94.6592 608.7953 1.8300 11.3638 2.0320 3.8080 722.4883
54 0.0000 120.2854 609.5024 1.6470 6.4936 1.5240 2.8560 742.3083
55 0.0000 109.3240 613.9773 0.1830 4.8702 0.0000 2.3800 730.7345
56 0.0000 137.3001 603.8799 1.8300 16.2340 2.5400 3.3320 765.1160
57 0.0000 116.4928 608.1973 1.0980 7.3053 0.5080 2.8560 736.4574
58 0.0000 143.3832 601.8324 1.0980 9.7404 0.5080 3.3320 759.8940
59 0.0000 177.6505 595.9478 2.7450 12.9872 3.0480 4.7600 797.1386
60 0.0000 164.4954 597.9481 2.0130 14.6106 1.0160 3.8080 783.8911
61 0.0000 141.4274 603.3644 1.8300 9.7404 0.5080 3.3320 760.2021
62 0.0000 104.4828 613.4279 0.7320 8.9287 0.5080 2.3800 730.4594
63 0.0000 110.3428 612.1081 0.9150 8.9287 1.0160 2.8560 736.1666
64 0.0000 128.1830 607.1426 0.5490 18.6691 0.8001 2.8560 758.1998
65 0.0000 181.4729 595.9360 2.5620 8.9287 3.5433 4.2840 796.7269
66 0.0000 60.2728 621.0669 1.0980 7.3053 2.0320 1.4280 693.2030
67 0.0000 144.2755 604.2717 1.8300 11.3638 2.5400 3.3320 767.6131
68 0.0000 148.3879 602.2243 1.2810 8.9287 2.0320 3.3320 766.1859
69 0.0000 65.2107 622.3734 0.0000 8.1170 0.0000 1.4280 697.1291
70 0.0000 166.9122 595.5987 0.7320 15.4223 1.0160 3.8080 783.4893
71 0.0000 180.6623 595.7048 2.0130 12.1755 1.5240 4.2840 796.3636
72 0.0000 163.7592 599.7982 2.1960 17.0457 2.0320 3.8080 788.6391
73 0.0000 165.3506 599.4506 2.1960 12.1755 2.0320 3.8080 785.0127
74 0.0000 159.8253 599.6450 1.8300 13.7989 3.0480 3.8080 781.9552
75 0.0000 140.5722 604.9007 2.7450 8.1170 1.5240 3.3320 761.1909
76 0.0000 103.2261 612.3673 1.6470 8.9287 3.0480 2.3800 731.5971
77 0.0000 170.1025 597.9732 1.0980 18.6691 0.5080 3.8080 792.1588
78 0.0000 147.0196 604.6076 1.4640 11.3638 2.5400 3.3320 770.3270
79 0.0000 161.5580 599.0013 1.8300 13.7989 1.0160 3.8080 781.0122
80 0.0000 137.5083 604.3115 2.5620 11.3638 4.0640 3.3320 763.1416
81 0.0000 145.8967 602.9917 1.0980 11.3638 1.0160 3.3320 765.6982
82 0.0000 125.7289 609.1120 0.7320 10.5521 0.5080 2.8560 749.4890
83 0.0000 101.3223 611.1477 1.0980 12.9872 0.0000 2.3800 728.9352
84 0.0000 190.5975 594.0933 0.9150 17.8574 1.0160 4.2840 808.7632
85 0.0000 107.6731 613.8433 0.7320 5.6819 1.0160 2.3800 731.3263
86 0.0000 86.4567 618.2093 0.5490 5.6819 0.5080 1.9040 713.3089
87 0.0000 114.0462 608.5302 2.1960 8.1170 2.5400 2.8560 738.2853
88 0.0000 143.3162 605.0421 1.6470 5.6819 1.0160 3.3320 760.0352
89 0.0000 93.1199 612.4719 1.2810 8.1170 1.0160 2.3800 718.3858
90 0.0000 155.4303 598.9557 1.8300 9.7404 2.5400 3.8080 772.3044
91 0.0000 83.7350 616.7186 0.7320 12.1755 0.0000 2.8560 716.2171
92 0.0000 97.6636 613.7254 0.7320 7.3053 0.5080 2.3800 722.3143
93 0.0000 135.4633 604.8919 1.4640 9.7404 1.0160 3.3320 755.9076
94 0.0000 157.0217 598.2545 1.4640 17.0457 1.0160 4.2840 779.0859
95 0.0000 166.1091 600.1871 1.6470 11.3638 2.0320 3.8080 785.1470
96 0.0000 101.1587 613.8580 1.0980 5.6819 0.5080 2.3800 724.6846
97 0.0000 87.3343 618.1017 0.1830 6.4936 0.5080 1.9040 714.5246
98 0.0000 102.1775 613.4323 0.5490 8.9287 0.0000 2.3800 727.4675
99 0.0000 114.6411 608.9014 0.5490 11.3638 0.5080 2.8560 738.8193
100 0.0000 131.4178 603.3025 2.1960 20.2925 3.0480 3.8080 764.0648
101 0.0000 182.0678 595.5987 2.0130 12.1755 2.5400 4.2840 798.6790
102 0.0000 81.1471 616.6980 0.1830 7.3053 0.0000 1.9040 707.2374
103 0.0000 123.4310 608.7880 0.7320 12.1755 0.5080 2.8560 748.4905
104 0.0000 77.4511 618.3138 0.7320 4.8702 0.5080 1.9040 703.7792

Average_Source_Energy: 5614.3643 J
Average_Destination_Energy: 753.8987 J
Total_Average_Energy: 985.3494 J
