Host : Encounters

0 714984
1 720010
2 699172
3 669388
4 685300
5 670733
6 688229
7 777730
8 746007
9 707280
10 710088
11 664482
12 717836
13 719556
14 648325
15 699852
16 683531
17 698089
18 653370
19 703864
20 729075
21 735481
22 646723
23 691168
24 730785
25 734369
26 705703
27 696523
28 695064
29 687581
30 748738
31 713182
32 736603
33 684531
34 711524
35 685618
36 740888
37 662965
38 748010
39 732212
40 681757
41 728666
42 657989
43 643296
44 685912
45 679227
46 688198
47 696523
48 683441
49 693543
50 676787
51 685265
52 676951
53 647911
54 712034
55 717858
56 694017
57 700448
58 725113
59 695014
60 673098
61 745754
62 696057
63 630573
64 716167
65 678056
66 675105
67 716016
68 714634
69 719639
70 716012
71 671423
72 700525
73 662058
74 733363
75 714526
76 699173
77 666481
78 723656
79 749772
80 722836
81 653147
82 675850
83 725709
84 710315
85 748315
86 661082
87 682128
88 699470
89 706693
90 705035
91 717882
92 673481
93 695594
94 730063
95 727341
96 705051
97 742752
98 679461
99 692072
100 687988
101 689931
102 675476
103 687778
104 663314

Top 5 hosts with most encounters
Host : Encounters
7 777730
79 749772
30 748738
85 748315
38 748010
