Host : Inquiry : Relay : Scanning : Src_Connection : Dst_Connection : Delivering : Receiving : Total (J)

0 5464.3324 0.0000 0.0000 20.8620 0.0000 39.1668 0.0000 5524.3612
1 5573.7300 0.0000 0.0000 25.0710 0.0000 47.7520 0.0000 5646.5530
2 5600.5032 0.0000 0.0000 19.7640 0.0000 33.2105 0.0000 5653.4777
3 5535.0844 0.0000 0.0000 25.4370 0.0000 58.2168 0.0000 5618.7382
4 5524.2304 0.0000 0.0000 25.8030 0.0000 52.2986 0.0000 5602.3320
5 0.0000 0.0000 636.2226 0.0000 1.6234 0.0000 0.9520 638.7980
6 0.0000 0.0000 635.7836 0.0000 4.8702 0.0000 2.3800 643.0338
7 0.0000 0.0000 634.8424 0.0000 6.4936 0.0000 2.3800 643.7160
8 0.0000 0.0000 634.3460 0.0000 6.4936 0.0000 2.3800 643.2196
9 0.0000 0.0000 635.7645 0.0000 4.8702 0.0000 1.9040 642.5387
10 0.0000 0.0000 634.7776 0.0000 4.8702 0.0000 1.9040 641.5518
11 0.0000 0.0000 635.8529 0.0000 4.8702 0.0000 2.2372 642.9603
12 0.0000 0.0000 636.2565 0.0000 1.6234 0.0000 0.9520 638.8319
13 0.0000 0.0000 636.0885 0.0000 2.4351 0.0000 1.4280 639.9516
14 0.0000 0.0000 635.3152 0.0000 8.1170 0.0000 3.3320 646.7642
15 0.0000 0.0000 635.8750 0.0000 4.0585 0.0000 2.3800 642.3135
16 0.0000 0.0000 635.8853 0.0000 4.0585 0.0000 2.3800 642.3238
17 0.0000 0.0000 635.7542 0.0000 4.8702 0.0000 2.3800 643.0044
18 0.0000 0.0000 634.2664 0.0000 8.1170 0.0000 3.3320 645.7154
19 0.0000 0.0000 635.7689 0.0000 5.6819 0.0000 2.7370 644.1878
20 0.0000 0.0000 635.8838 0.0000 4.0585 0.0000 1.9040 641.8463
21 0.0000 0.0000 636.2182 0.0000 1.6234 0.0000 0.9520 638.7936
22 0.0000 0.0000 631.4869 0.0000 8.9287 0.0000 3.2606 643.6762
23 0.0000 0.0000 634.8056 0.0000 4.0585 0.0000 1.4280 640.2921
24 0.0000 0.0000 644.6260 0.0000 6.4936 0.0000 2.3800 653.4996
25 0.0000 0.0000 635.2769 0.0000 8.1170 0.0000 2.8560 646.2499
26 0.0000 0.0000 634.7584 0.0000 5.6819 0.0000 1.9040 642.3443
27 0.0000 0.0000 635.9987 0.0000 3.2468 0.0000 1.4280 640.6735
28 0.0000 0.0000 629.1581 0.0000 6.4936 0.0000 2.8560 638.5077
29 0.0000 0.0000 635.3388 0.0000 5.6819 0.0000 2.8560 643.8767
30 0.0000 0.0000 635.6216 0.0000 3.2468 0.0000 0.9520 639.8204
31 0.0000 0.0000 635.9707 0.0000 3.2468 0.0000 1.9040 641.1215
32 0.0000 0.0000 635.6201 0.0000 5.6819 0.0000 1.9040 643.2060
33 0.0000 0.0000 635.7645 0.0000 4.8702 0.0000 2.3800 643.0147
34 0.0000 0.0000 635.8838 0.0000 4.0585 0.0000 1.9040 641.8463
35 0.0000 0.0000 636.0267 0.0000 3.2468 0.0000 1.4280 640.7015
36 0.0000 0.0000 630.8005 0.0000 5.6819 0.0000 2.8560 639.3384
37 0.0000 0.0000 632.4281 0.0000 4.8702 0.0000 1.9040 639.2023
38 0.0000 0.0000 634.8409 0.0000 5.6819 0.0000 2.3800 642.9028
39 0.0000 0.0000 635.6805 0.0000 5.6819 0.0000 1.4280 642.7904
40 0.0000 0.0000 636.0178 0.0000 3.2468 0.0000 1.9040 641.1686
41 0.0000 0.0000 634.2046 0.0000 3.2468 0.0000 1.9040 639.3554
42 0.0000 0.0000 635.5185 0.0000 6.4936 0.0000 2.8560 644.8681
43 0.0000 0.0000 635.8529 0.0000 4.0585 0.0000 1.4280 641.3394
44 0.0000 0.0000 635.3064 0.0000 8.1170 0.0000 2.8560 646.2794
45 0.0000 0.0000 635.9221 0.0000 4.0585 0.0000 0.9520 640.9326
46 0.0000 0.0000 635.8514 0.0000 4.0585 0.0000 1.9040 641.8139
47 0.0000 0.0000 635.6982 0.0000 5.6819 0.0000 2.3800 643.7601
48 0.0000 0.0000 635.4036 0.0000 6.4936 0.0000 1.4280 643.3252
49 0.0000 0.0000 635.3771 0.0000 7.3053 0.0000 2.3800 645.0624
50 0.0000 0.0000 633.7008 0.0000 4.0585 0.0000 1.4280 639.1873
51 0.0000 0.0000 635.7718 0.0000 4.0585 0.0000 1.4280 641.2583
52 0.0000 0.0000 635.1443 0.0000 8.9287 0.0000 3.8080 647.8810
53 0.0000 0.0000 635.9029 0.0000 4.0585 0.0000 1.9040 641.8654
54 0.0000 0.0000 635.2460 0.0000 4.8702 0.0000 1.4280 641.5442
55 0.0000 0.0000 636.1121 0.0000 2.4351 0.0000 1.4280 639.9752
56 0.0000 0.0000 636.0281 0.0000 3.2468 0.0000 1.9040 641.1789
57 0.0000 0.0000 635.1664 0.0000 8.1170 0.0000 3.3320 646.6154
58 0.0000 0.0000 635.3152 0.0000 4.0585 0.0000 1.4280 640.8017
59 0.0000 0.0000 635.8632 0.0000 4.0585 0.0000 1.4280 641.3497
60 0.0000 0.0000 635.7674 0.0000 4.8702 0.0000 2.3800 643.0176
61 0.0000 0.0000 632.4001 0.0000 5.6819 0.0000 2.2253 640.3073
62 0.0000 0.0000 635.6761 0.0000 5.6819 0.0000 2.8560 644.2140
63 0.0000 0.0000 634.5861 0.0000 7.3053 0.0000 2.3800 644.2714
64 0.0000 0.0000 635.7718 0.0000 4.8702 0.0000 1.9040 642.5460
65 0.0000 0.0000 635.7365 0.0000 4.8702 0.0000 1.9040 642.5107
66 0.0000 0.0000 634.8954 0.0000 7.3053 0.0000 2.3800 644.5807
67 0.0000 0.0000 635.6673 0.0000 4.8702 0.0000 2.3800 642.9175
68 0.0000 0.0000 635.4095 0.0000 5.6819 0.0000 2.3800 643.4714
69 0.0000 0.0000 635.9928 0.0000 3.2468 0.0000 1.9040 641.1436
70 0.0000 0.0000 634.5964 0.0000 4.8702 0.0000 2.3800 641.8466
71 0.0000 0.0000 634.4506 0.0000 5.6819 0.0000 2.3800 642.5125
72 0.0000 0.0000 626.0176 0.0000 4.8702 0.0000 1.9040 632.7918
73 0.0000 0.0000 634.7024 0.0000 5.6819 0.0000 1.9040 642.2883
74 0.0000 0.0000 635.6363 0.0000 5.6819 0.0000 2.3800 643.6982
75 0.0000 0.0000 628.5910 0.0000 5.6819 0.0000 2.8560 637.1289
76 0.0000 0.0000 635.7100 0.0000 4.8702 0.0000 1.4280 642.0082
77 0.0000 0.0000 635.7497 0.0000 4.8702 0.0000 2.3800 642.9999
78 0.0000 0.0000 634.8188 0.0000 5.6819 0.0000 1.9040 642.4047
79 0.0000 0.0000 634.4034 0.0000 5.6819 0.0000 2.3800 642.4653
80 0.0000 0.0000 635.9987 0.0000 3.2468 0.0000 1.4280 640.6735
81 0.0000 0.0000 635.5759 0.0000 6.4936 0.0000 1.9040 643.9735
82 0.0000 0.0000 635.9015 0.0000 4.8702 0.0000 1.9516 642.7233
83 0.0000 0.0000 633.8967 0.0000 4.0585 0.0000 1.9040 639.8592
84 0.0000 0.0000 635.5052 0.0000 6.4936 0.0000 2.3800 644.3788
85 0.0000 0.0000 633.4916 0.0000 7.3053 0.0000 2.8560 643.6529
86 0.0000 0.0000 635.8484 0.0000 4.0585 0.0000 1.4280 641.3349
87 0.0000 0.0000 634.7157 0.0000 8.1170 0.0000 3.3320 646.1647
88 0.0000 0.0000 636.2653 0.0000 1.6234 0.0000 0.9520 638.8407
89 0.0000 0.0000 635.7232 0.0000 4.8702 0.0000 1.9040 642.4974
90 0.0000 0.0000 635.1620 0.0000 6.4936 0.0000 2.8560 644.5116
91 0.0000 0.0000 634.0396 0.0000 8.1170 0.0000 2.8560 645.0126
92 0.0000 0.0000 635.7365 0.0000 4.8702 0.0000 1.9040 642.5107
93 0.0000 0.0000 635.1532 0.0000 8.9287 0.0000 3.8080 647.8899
94 0.0000 0.0000 634.3857 0.0000 8.9287 0.0000 2.8560 646.1704
95 0.0000 0.0000 635.7659 0.0000 4.8702 0.0000 2.8560 643.4921
96 0.0000 0.0000 635.4949 0.0000 6.4936 0.0000 2.8560 644.8445
97 0.0000 0.0000 635.7601 0.0000 4.8702 0.0000 2.3800 643.0103
98 0.0000 0.0000 635.6422 0.0000 5.6819 0.0000 2.3800 643.7041
99 0.0000 0.0000 635.9486 0.0000 4.0585 0.0000 1.9040 641.9111
100 0.0000 0.0000 634.5242 0.0000 4.0585 0.0000 1.9040 640.4867
101 0.0000 0.0000 635.0383 0.0000 3.2468 0.0000 0.9520 639.2371
102 0.0000 0.0000 635.5273 0.0000 6.4936 0.0000 3.8080 645.8289
103 0.0000 0.0000 635.3771 0.0000 3.2468 0.0000 1.8802 640.5041
104 0.0000 0.0000 635.7807 0.0000 4.8702 0.0000 2.8560 643.5069

Average_Source_Energy: 5609.0924 J
Average_Destination_Energy: 642.4802 J
Total_Average_Energy: 878.9856 J
