Host : Inquiry : Relay : Scanning : Src_Connection : Dst_Connection : Delivering : Receiving : Total (J)

0 39017.7554 0.0000 0.0000 47.4240 0.0000 61.8904 0.0000 39127.0698
1 39040.9110 0.0000 0.0000 48.3600 0.0000 61.7760 0.0000 39151.0470
2 38867.5287 0.0000 0.0000 44.9280 0.0000 45.3882 0.0000 38957.8449
3 39568.8397 0.0000 0.0000 37.7520 0.0000 65.2080 0.0000 39671.7997
4 39426.2999 0.0000 0.0000 34.9440 0.0000 53.7680 0.0000 39515.0119
5 0.0000 8968.9041 31423.3829 6.2400 166.2960 9.1520 3.3880 40577.3630
6 0.0000 7734.6347 32334.6127 10.2960 123.6560 13.7280 3.0800 40220.0074
7 0.0000 7876.7000 32355.8703 11.2320 115.1280 12.5840 3.0800 40374.5943
8 0.0000 8256.0153 32043.4595 5.6160 157.7680 6.8640 3.0800 40472.8028
9 0.0000 8115.4684 32286.9729 10.9200 132.1840 1.1440 3.2879 40549.9772
10 0.0000 8203.6305 32330.8167 8.4240 106.6000 13.7280 3.0800 40666.2792
11 0.0000 7629.4855 32646.7388 4.3680 132.1840 1.1440 3.3880 40417.3083
12 0.0000 7090.8331 33071.0367 10.2960 127.9200 17.1600 3.3880 40320.6338
13 0.0000 8664.7496 31382.2912 9.0480 170.5600 17.1600 3.3880 40247.1968
14 0.0000 5039.9492 35213.7838 8.1120 106.6000 11.4400 2.4640 40382.3490
15 0.0000 7865.8814 32341.6353 6.8640 136.4480 8.0080 3.0800 40361.9167
16 0.0000 7889.1319 32311.0775 8.4240 110.8640 11.4400 3.0800 40334.0174
17 0.0000 8195.0895 32119.2846 7.1760 204.6720 6.8640 3.3880 40536.4741
18 0.0000 8007.4722 32393.9252 9.0480 72.4880 8.8088 3.0800 40494.8222
19 0.0000 7069.7653 33231.3228 10.2960 132.1840 2.2880 2.7720 40448.6281
20 0.0000 7985.9299 32055.0373 7.4880 170.5600 5.7200 2.8567 40227.5919
21 0.0000 8797.3249 31449.1957 10.2960 140.7120 6.8640 3.3880 40407.7806
22 0.0000 8173.9268 32185.3350 9.0480 174.8240 4.5760 3.0800 40550.7898
23 0.0000 7393.1845 32179.7359 13.1040 191.8800 22.8800 3.0800 39803.8644
24 0.0000 7649.6992 32254.8967 9.0480 144.9760 12.3552 2.7720 40073.7471
25 0.0000 8090.9842 32313.2602 9.0480 140.7120 9.7240 3.3880 40567.1164
26 0.0000 8162.0643 32129.3440 5.9280 157.7680 6.8640 3.0800 40465.0483
27 0.0000 7060.5600 33157.7753 5.9280 136.4480 10.6106 3.0338 40374.3557
28 0.0000 7145.0210 32954.9740 5.9280 119.3920 2.2880 3.0800 40230.6830
29 0.0000 7769.9375 32297.3170 8.7360 166.2960 4.5760 3.0800 40249.9425
30 0.0000 8053.0242 32363.8419 6.8640 102.3360 9.1520 3.3880 40538.6061
31 0.0000 6810.3087 33036.0186 7.8000 140.7120 5.7200 2.7720 40003.3313
32 0.0000 7840.5431 31234.8166 11.5440 149.2400 26.3120 3.3880 39265.8437
33 0.0000 8875.7123 31402.5998 8.4240 119.3920 9.1520 3.6960 40418.9761
34 0.0000 8139.1934 32291.5281 8.4240 140.7120 4.5760 3.3880 40587.8215
35 0.0000 8856.1629 31488.6741 8.7360 153.5040 8.0080 3.3880 40518.4730
36 0.0000 6880.6296 32875.5427 5.6160 170.5600 9.1520 2.7720 39944.2723
37 0.0000 6634.3641 33934.0573 5.6160 106.6000 2.2880 2.7720 40685.6974
38 0.0000 8455.2104 31530.7148 8.4240 115.1280 2.2880 3.3880 40115.1532
39 0.0000 7926.4276 32264.8612 6.2400 200.4080 2.2880 3.0800 40403.3048
40 0.0000 9036.7576 31479.0892 6.5520 123.6560 5.7200 3.6960 40655.4708
41 0.0000 8076.8441 32335.6566 6.5520 115.1280 10.2960 3.4188 40547.8955
42 0.0000 7021.1765 33240.0536 7.4880 98.0720 1.1440 2.7720 40370.7061
43 0.0000 6587.4835 34082.0064 7.8000 68.2240 9.5810 2.7720 40757.8669
44 0.0000 7985.9299 32156.5803 8.1120 144.9760 10.2960 3.0800 40308.9742
45 0.0000 7950.1526 32346.6650 6.5520 132.1840 5.7200 3.0800 40444.3536
46 0.0000 7901.6587 32276.4390 6.8640 183.3520 9.1520 3.3803 40380.8460
47 0.0000 7497.9541 32975.9469 7.4880 153.5040 12.5840 3.5035 40650.9805
48 0.0000 7424.9760 33268.6185 7.4880 68.2240 3.4320 2.7720 40775.5105
49 0.0000 7917.1274 32065.0967 8.4240 144.9760 11.4400 3.3880 40150.4521
50 0.0000 8828.8317 31519.8962 7.8000 89.5440 7.4074 3.3880 40456.8673
51 0.0000 5611.5319 34545.4980 6.8640 123.6560 8.0080 2.1560 40297.7139
52 0.0000 8138.4342 32241.8954 9.0480 153.5040 8.0080 2.7720 40553.6616
53 0.0000 6613.3912 34053.0619 3.7440 93.8080 2.2880 2.4640 40768.7571
54 0.0000 6941.5554 32893.5737 10.6080 153.5040 4.8906 2.7720 40006.9037
55 0.0000 6405.9398 33947.9127 7.1760 123.6560 6.8640 2.7720 40494.3205
56 0.0000 8739.2461 31277.9012 9.6720 174.8240 16.0160 4.0040 40221.6633
57 0.0000 8155.6111 32311.9316 9.6720 132.1840 12.5840 3.0800 40625.0627
58 0.0000 8318.1748 32388.4210 5.9280 85.2800 12.5840 3.3880 40813.7758
59 0.0000 8267.6880 31789.1275 6.5520 196.1440 11.4400 3.0800 40274.0315
60 0.0000 7774.2080 32095.6545 7.4880 225.9920 8.0080 3.0800 40114.4305
61 0.0000 8605.4371 31159.2762 8.4240 238.7840 10.2960 3.3880 40025.6053
62 0.0000 6478.0638 34059.9896 6.5520 110.8640 11.4400 2.7720 40669.6814
63 0.0000 6095.6168 34110.6662 6.8640 76.7520 7.8364 2.4640 40300.1994
64 0.0000 8900.4812 31287.4861 8.4240 196.1440 9.0662 3.3880 40404.9895
65 0.0000 8097.1527 31416.7399 10.2960 157.7680 6.8640 3.3880 39692.2086
66 0.0000 6525.0393 34063.6907 4.9920 127.9200 4.5760 2.4640 40728.6820
67 0.0000 7362.0573 33181.7850 7.4880 123.6560 5.7200 2.9183 40683.6246
68 0.0000 7571.9761 32824.9610 7.4880 132.1840 12.5840 3.0800 40552.2731
69 0.0000 6652.3951 33765.1353 4.3680 149.2400 8.0080 2.4640 40581.6104
70 0.0000 8476.5629 31437.2383 9.0480 208.9360 5.7200 3.6960 40141.2012
71 0.0000 7853.2597 32250.8160 9.3600 106.6000 11.4400 3.0800 40234.5557
72 0.0000 6999.0648 33231.4177 5.9280 106.6000 4.5760 2.7720 40350.3585
73 0.0000 6918.9692 33231.6075 8.7360 132.1840 5.7200 3.0800 40300.2967
74 0.0000 8275.0902 30824.7537 12.1680 110.8640 6.8640 3.3880 39233.1279
75 0.0000 7139.0423 32828.1876 9.6720 187.6160 4.5760 3.0800 40172.1739
76 0.0000 7210.2173 32979.1735 7.4880 166.2960 6.8640 2.7720 40372.8108
77 0.0000 5482.8475 34998.9302 4.9920 98.0720 5.7200 2.1560 40592.7177
78 0.0000 8637.5133 31432.4933 8.1120 200.4080 4.5760 4.0040 40287.1066
79 0.0000 7781.8949 32076.8643 8.7360 174.8240 20.5920 3.0800 40065.9912
80 0.0000 7062.3631 33255.0478 11.5440 93.8080 19.4480 2.7720 40444.9829
81 0.0000 7332.7332 33256.5662 6.2400 110.8640 4.5760 3.0800 40714.0594
82 0.0000 7051.8292 33141.4525 9.0480 153.5040 15.8444 2.7720 40374.4501
83 0.0000 8952.0119 31328.1982 5.9280 179.0880 10.2960 3.3880 40478.9101
84 0.0000 7461.7972 32351.4100 8.4240 166.2960 12.5840 3.9116 40004.4228
85 0.0000 7667.3506 32360.5204 10.2960 162.0320 13.7280 3.0800 40217.0070
86 0.0000 8071.4348 32364.3164 10.2960 102.3360 4.5760 3.0800 40556.0392
87 0.0000 6487.7436 33868.2916 4.9920 127.9200 2.2880 2.7720 40494.0072
88 0.0000 6574.7669 33983.4053 5.9280 157.7680 11.4400 2.7720 40736.0802
89 0.0000 8714.2874 31524.5463 9.6720 89.5440 9.1520 3.6960 40350.8977
90 0.0000 6991.4728 33463.9227 4.6800 149.2400 4.5760 3.0338 40616.9253
91 0.0000 8737.5379 31256.7385 10.6080 187.6160 16.0160 3.3880 40211.9044
92 0.0000 7872.9040 32380.8290 7.1760 98.0720 1.1440 3.0800 40363.2050
93 0.0000 6353.6499 32934.9501 9.3600 119.3920 10.2960 3.0646 39430.7126
94 0.0000 6442.1916 33800.8177 9.0480 76.7520 8.0080 2.7720 40339.5893
95 0.0000 7195.0333 33151.4170 8.4240 102.3360 1.1440 2.7720 40461.1263
96 0.0000 7778.6683 32104.4802 8.1120 136.4480 10.2960 3.0800 40041.0845
97 0.0000 8124.3890 32348.1834 7.8000 132.1840 3.4320 3.1647 40619.1531
98 0.0000 7916.3682 32243.5087 9.6720 174.8240 11.4400 3.0800 40358.8929
99 0.0000 6451.8714 33931.4001 4.0560 132.1840 3.4320 2.4640 40525.4075
100 0.0000 7170.0746 33204.7508 7.4880 106.6000 5.7200 2.7720 40497.4054
101 0.0000 8784.6083 31179.1103 10.2960 153.5040 20.5920 3.5420 40151.6526
102 0.0000 7209.3632 33033.4563 8.4240 149.2400 5.7200 3.0800 40409.2835
103 0.0000 8169.5614 32288.6811 10.6080 115.1280 12.5840 3.0800 40599.6425
104 0.0000 6455.5725 33822.1702 5.9280 140.7120 6.8640 3.3880 40434.6347

Average_Source_Energy: 39284.5547 J
Average_Destination_Energy: 40363.2770 J
Total_Average_Energy: 40311.9093 J
