Host : Inquiry : Relay : Scanning : Src_Connection : Dst_Connection : Delivering : Receiving : Total (J)

0 5577.1336 0.0000 0.0000 19.3980 0.0000 37.5031 0.0000 5634.0347
1 5607.0022 0.0000 0.0000 23.0580 0.0000 50.5206 0.0000 5680.5808
2 5619.5982 0.0000 0.0000 20.4960 0.0000 43.6880 0.0000 5683.7822
3 5589.2740 0.0000 0.0000 23.9730 0.0000 49.2760 0.0000 5662.5230
4 5370.1572 0.0000 0.0000 30.0120 0.0000 59.4106 0.0000 5459.5798
5 0.0000 0.0000 635.8028 0.0000 4.8702 0.0000 2.3800 643.0530
6 0.0000 0.0000 634.8232 0.0000 2.4351 0.0000 1.1424 638.4007
7 0.0000 0.0000 635.3461 0.0000 8.1170 0.0000 3.8080 647.2711
8 0.0000 0.0000 635.9604 0.0000 3.2468 0.0000 1.9040 641.1112
9 0.0000 0.0000 636.0164 0.0000 3.2468 0.0000 1.9040 641.1672
10 0.0000 0.0000 635.6805 0.0000 5.6819 0.0000 2.8560 644.2184
11 0.0000 0.0000 635.5111 0.0000 7.3053 0.0000 3.8080 646.6244
12 0.0000 0.0000 634.7334 0.0000 6.4936 0.0000 2.8560 644.0830
13 0.0000 0.0000 634.9263 0.0000 4.0585 0.0000 1.9040 640.8888
14 0.0000 0.0000 635.6393 0.0000 5.6819 0.0000 2.3800 643.7012
15 0.0000 0.0000 626.4875 0.0000 8.1170 0.0000 2.8560 637.4605
16 0.0000 0.0000 636.2638 0.0000 1.6234 0.0000 0.4760 638.3632
17 0.0000 0.0000 630.9595 0.0000 10.5521 0.0000 3.3320 644.8436
18 0.0000 0.0000 633.1926 0.0000 4.0585 0.0000 2.3800 639.6311
19 0.0000 0.0000 633.4769 0.0000 4.8702 0.0000 1.9040 640.2511
20 0.0000 0.0000 635.3196 0.0000 7.3053 0.0000 2.3800 645.0049
21 0.0000 0.0000 635.1988 0.0000 8.9287 0.0000 3.6533 647.7808
22 0.0000 0.0000 635.7674 0.0000 4.8702 0.0000 2.3800 643.0176
23 0.0000 0.0000 636.1033 0.0000 2.4351 0.0000 1.4280 639.9664
24 0.0000 0.0000 633.6360 0.0000 8.1170 0.0000 2.8560 644.6090
25 0.0000 0.0000 636.1416 0.0000 2.4351 0.0000 0.9520 639.5287
26 0.0000 0.0000 635.9029 0.0000 4.0585 0.0000 1.4280 641.3894
27 0.0000 0.0000 635.6216 0.0000 6.4936 0.0000 1.9040 644.0192
28 0.0000 0.0000 635.6746 0.0000 5.6819 0.0000 2.8560 644.2125
29 0.0000 0.0000 635.8897 0.0000 4.0585 0.0000 1.4280 641.3762
30 0.0000 0.0000 633.5196 0.0000 7.3053 0.0000 3.8080 644.6329
31 0.0000 0.0000 635.2887 0.0000 6.4936 0.0000 2.8560 644.6383
32 0.0000 0.0000 635.5774 0.0000 6.4936 0.0000 2.8560 644.9270
33 0.0000 0.0000 636.0532 0.0000 3.2468 0.0000 1.4280 640.7280
34 0.0000 0.0000 635.8072 0.0000 4.0585 0.0000 1.9040 641.7697
35 0.0000 0.0000 634.5021 0.0000 5.6819 0.0000 2.3800 642.5640
36 0.0000 0.0000 634.5463 0.0000 8.9287 0.0000 3.3320 646.8070
37 0.0000 0.0000 635.9530 0.0000 3.2468 0.0000 1.9040 641.1038
38 0.0000 0.0000 636.1460 0.0000 2.4351 0.0000 0.9520 639.5331
39 0.0000 0.0000 635.3815 0.0000 7.3053 0.0000 2.8560 645.5428
40 0.0000 0.0000 634.6951 0.0000 3.2468 0.0000 1.9040 639.8459
41 0.0000 0.0000 635.7380 0.0000 4.8702 0.0000 2.8560 643.4642
42 0.0000 0.0000 635.6849 0.0000 4.8702 0.0000 2.3800 642.9351
43 0.0000 0.0000 635.8072 0.0000 4.8702 0.0000 1.9040 642.5814
44 0.0000 0.0000 635.4286 0.0000 6.4936 0.0000 3.3320 645.2542
45 0.0000 0.0000 635.5759 0.0000 5.6819 0.0000 1.4280 642.6858
46 0.0000 0.0000 635.8705 0.0000 4.0585 0.0000 1.4280 641.3570
47 0.0000 0.0000 636.2344 0.0000 1.6234 0.0000 0.9520 638.8098
48 0.0000 0.0000 634.0808 0.0000 4.8702 0.0000 1.9040 640.8550
49 0.0000 0.0000 635.6982 0.0000 5.6819 0.0000 2.8560 644.2361
50 0.0000 0.0000 635.9162 0.0000 4.0585 0.0000 1.4280 641.4027
51 0.0000 0.0000 635.7998 0.0000 4.8702 0.0000 2.3800 643.0500
52 0.0000 0.0000 635.0751 0.0000 4.0585 0.0000 2.3800 641.5136
53 0.0000 0.0000 632.3073 0.0000 4.0585 0.0000 1.9040 638.2698
54 0.0000 0.0000 636.0959 0.0000 2.4351 0.0000 1.4280 639.9590
55 0.0000 0.0000 636.0031 0.0000 3.2468 0.0000 1.9040 641.1539
56 0.0000 0.0000 635.6054 0.0000 5.6819 0.0000 2.8560 644.1433
57 0.0000 0.0000 634.2429 0.0000 4.8702 0.0000 2.3800 641.4931
58 0.0000 0.0000 635.8823 0.0000 4.0585 0.0000 1.4280 641.3688
59 0.0000 0.0000 635.5111 0.0000 5.6819 0.0000 2.3800 643.5730
60 0.0000 0.0000 634.4240 0.0000 6.4936 0.0000 2.8560 643.7736
61 0.0000 0.0000 635.8867 0.0000 4.0585 0.0000 1.8207 641.7659
62 0.0000 0.0000 635.8646 0.0000 4.0585 0.0000 1.9040 641.8271
63 0.0000 0.0000 634.8468 0.0000 6.4936 0.0000 2.3800 643.7204
64 0.0000 0.0000 634.9160 0.0000 6.4936 0.0000 2.8560 644.2656
65 0.0000 0.0000 633.9026 0.0000 5.6819 0.0000 3.3320 642.9165
66 0.0000 0.0000 635.4905 0.0000 2.4351 0.0000 0.4760 638.4016
67 0.0000 0.0000 635.4198 0.0000 3.2468 0.0000 1.4280 640.0946
68 0.0000 0.0000 634.3357 0.0000 5.6819 0.0000 1.9040 641.9216
69 0.0000 0.0000 636.3669 0.0000 0.8117 0.0000 0.4760 637.6546
70 0.0000 0.0000 634.5168 0.0000 5.6819 0.0000 2.3800 642.5787
71 0.0000 0.0000 635.4684 0.0000 6.4936 0.0000 3.3320 645.2940
72 0.0000 0.0000 635.1709 0.0000 8.9287 0.0000 2.8560 646.9556
73 0.0000 0.0000 635.4905 0.0000 6.4936 0.0000 3.3320 645.3161
74 0.0000 0.0000 635.7630 0.0000 4.8702 0.0000 2.8560 643.4892
75 0.0000 0.0000 635.7424 0.0000 4.8702 0.0000 2.3800 642.9926
76 0.0000 0.0000 634.4137 0.0000 5.6819 0.0000 3.0702 643.1658
77 0.0000 0.0000 635.3182 0.0000 8.1170 0.0000 2.8560 646.2912
78 0.0000 0.0000 635.6437 0.0000 5.6819 0.0000 2.3800 643.7056
79 0.0000 0.0000 635.3329 0.0000 8.1170 0.0000 3.3320 646.7819
80 0.0000 0.0000 635.8823 0.0000 4.0585 0.0000 1.9040 641.8448
81 0.0000 0.0000 635.7674 0.0000 4.8702 0.0000 2.3800 643.0176
82 0.0000 0.0000 634.8807 0.0000 8.1170 0.0000 2.8560 645.8537
83 0.0000 0.0000 635.7527 0.0000 4.8702 0.0000 1.4280 642.0509
84 0.0000 0.0000 634.4712 0.0000 8.9287 0.0000 3.3320 646.7319
85 0.0000 0.0000 636.0267 0.0000 3.2468 0.0000 1.4280 640.7015
86 0.0000 0.0000 635.9000 0.0000 4.0585 0.0000 1.4280 641.3865
87 0.0000 0.0000 636.1209 0.0000 2.4351 0.0000 1.4280 639.9840
88 0.0000 0.0000 635.9324 0.0000 4.0585 0.0000 2.3800 642.3709
89 0.0000 0.0000 633.9925 0.0000 4.8702 0.0000 1.4280 640.2907
90 0.0000 0.0000 636.2579 0.0000 1.6234 0.0000 0.9520 638.8333
91 0.0000 0.0000 634.4697 0.0000 5.6819 0.0000 1.9040 642.0556
92 0.0000 0.0000 635.2769 0.0000 3.2468 0.0000 1.4280 639.9517
93 0.0000 0.0000 633.0998 0.0000 5.6819 0.0000 2.8560 641.6377
94 0.0000 0.0000 632.2263 0.0000 8.9287 0.0000 3.8080 644.9630
95 0.0000 0.0000 635.1340 0.0000 8.9287 0.0000 3.8080 647.8707
96 0.0000 0.0000 635.4345 0.0000 3.2468 0.0000 1.4280 640.1093
97 0.0000 0.0000 635.5170 0.0000 6.4936 0.0000 1.9040 643.9146
98 0.0000 0.0000 636.0296 0.0000 3.2468 0.0000 1.9040 641.1804
99 0.0000 0.0000 635.5877 0.0000 6.4936 0.0000 2.8560 644.9373
100 0.0000 0.0000 634.3416 0.0000 6.4936 0.0000 2.7965 643.6317
101 0.0000 0.0000 635.4375 0.0000 7.3053 0.0000 3.3320 646.0748
102 0.0000 0.0000 634.2001 0.0000 4.0585 0.0000 1.9040 640.1626
103 0.0000 0.0000 635.5244 0.0000 6.4936 0.0000 2.3800 644.3980
104 0.0000 0.0000 636.2241 0.0000 1.6234 0.0000 0.9520 638.7995

Average_Source_Energy: 5624.1001 J
Average_Destination_Energy: 642.5784 J
Total_Average_Energy: 879.7937 J
