Host : Inquiry : Relay : Scanning : Src_Connection : Dst_Connection : Delivering : Receiving : Total (J)

0 5509.3564 0.0000 0.0000 27.8160 0.0000 43.0657 0.0000 5580.2381
1 5512.6260 0.0000 0.0000 28.3650 0.0000 47.2440 0.0000 5588.2350
2 5488.1442 0.0000 0.0000 26.3520 0.0000 39.9669 0.0000 5554.4631
3 5587.1702 0.0000 0.0000 22.1430 0.0000 38.6080 0.0000 5647.9212
4 5567.0434 0.0000 0.0000 20.4960 0.0000 32.2453 0.0000 5619.7847
5 0.0000 199.1049 591.4360 3.2940 11.3638 4.0640 4.7600 814.0227
6 0.0000 146.1198 597.2043 2.5620 12.9872 3.0480 3.8080 765.7293
7 0.0000 125.1786 607.9454 1.6470 14.6106 2.0320 2.8560 754.2696
8 0.0000 129.6479 609.0163 0.3660 10.5521 0.5080 2.3800 752.4703
9 0.0000 130.9419 606.7803 0.3660 16.2340 1.0160 3.4034 758.7415
10 0.0000 109.2719 613.3204 0.1830 8.9287 0.5080 2.3800 734.5920
11 0.0000 146.4470 599.8027 0.9150 17.0457 1.5240 4.2840 770.0183
12 0.0000 151.5856 600.0280 1.6470 15.4223 1.5240 4.2840 774.4909
13 0.0000 70.2526 615.0497 0.5490 8.9287 1.0160 1.9040 697.7000
14 0.0000 140.2226 599.7202 2.5620 15.4223 2.5400 4.2840 764.7511
15 0.0000 81.2661 618.3374 0.7320 6.4936 0.0000 1.9040 708.7331
16 0.0000 134.8832 604.2143 1.8300 14.6106 4.0640 3.3320 762.9341
17 0.0000 164.8449 598.0439 2.0130 21.1042 2.5400 4.2840 792.8300
18 0.0000 93.2686 613.8271 0.9150 5.6819 1.0160 2.3800 717.0886
19 0.0000 124.1598 609.1577 1.8300 11.3638 1.0160 3.3320 750.8593
20 0.0000 157.1407 595.3071 1.2810 20.2925 2.0320 4.2602 780.3134
21 0.0000 150.3512 601.8973 1.0980 9.7404 1.5240 3.3320 767.9428
22 0.0000 187.6378 595.4396 1.4640 17.0457 0.5080 4.2840 806.3791
23 0.0000 123.1856 603.0285 1.8300 14.6106 3.0480 3.3320 749.0347
24 0.0000 122.0553 609.3948 1.6470 6.4936 2.0320 2.8560 744.4787
25 0.0000 125.0671 607.9601 0.7320 16.2340 0.2540 3.3320 753.5792
26 0.0000 141.3530 603.6398 2.0130 8.9287 3.0480 3.3320 762.3145
27 0.0000 66.2518 618.1769 1.0980 7.3053 2.1717 1.9040 696.9076
28 0.0000 92.3836 610.7927 0.5490 10.5521 0.0000 2.3800 716.6574
29 0.0000 102.3709 611.8430 0.5490 8.1170 0.5080 2.3800 725.7678
30 0.0000 96.1391 614.0480 1.4640 4.8702 1.0160 2.8560 720.3933
31 0.0000 131.4699 604.5884 1.6470 12.9872 1.0160 3.8080 755.5165
32 0.0000 138.8246 589.2619 2.9280 13.7989 4.5720 3.8080 753.1933
33 0.0000 150.7453 604.6488 1.2810 8.9287 1.5240 3.3320 770.4598
34 0.0000 106.8848 613.8536 0.7320 7.3053 0.0000 2.3800 731.1557
35 0.0000 127.3501 608.2459 1.2810 14.6106 1.0160 2.8560 755.3596
36 0.0000 94.2948 609.0884 1.2810 11.3638 3.0480 2.8560 721.9321
37 0.0000 122.1743 609.1754 1.4640 8.9287 1.0160 3.3320 746.0903
38 0.0000 138.9882 604.8668 1.2810 10.5521 0.0000 3.3320 759.0201
39 0.0000 134.7643 604.4735 1.0980 12.9872 0.5080 3.3320 757.1630
40 0.0000 101.8652 613.7299 0.5490 9.7404 0.5080 2.8560 729.2484
41 0.0000 115.4517 608.6097 1.6470 12.1755 2.0320 2.9036 742.8195
42 0.0000 21.9154 631.8964 0.0000 1.6234 0.0000 0.4760 655.9111
43 0.0000 86.3675 618.4656 0.5490 4.0585 0.5080 1.9040 711.8526
44 0.0000 119.5417 607.3223 2.0130 10.5521 1.0160 2.8560 743.3012
45 0.0000 159.8253 599.7467 1.6470 9.7404 1.5240 3.8080 776.2913
46 0.0000 154.2851 599.1207 1.2810 17.8574 2.0320 3.7961 778.3722
47 0.0000 96.1986 616.1854 0.3660 8.1170 0.5080 2.8560 724.2309
48 0.0000 86.1147 618.1695 0.3660 6.4936 0.5080 1.9040 713.5558
49 0.0000 177.1895 593.9313 1.6470 17.8574 3.5560 4.2840 798.4652
50 0.0000 101.8577 613.8507 1.0980 5.6819 1.0160 2.3800 725.8843
51 0.0000 121.0290 603.8298 0.9150 10.5521 0.0000 2.8560 739.1820
52 0.0000 145.5249 603.5912 0.9150 12.9872 0.5080 3.3320 766.8583
53 0.0000 131.9904 609.2254 0.0000 7.3053 0.0000 2.8560 751.3772
54 0.0000 110.2907 605.3691 1.8300 15.4223 1.0160 2.8560 736.7842
55 0.0000 81.7197 618.1651 1.2810 8.9287 0.5080 1.9040 712.5065
56 0.0000 166.3843 600.3992 2.5620 10.5521 3.5560 4.7600 788.2136
57 0.0000 122.6428 609.2932 1.4640 6.4936 1.5240 2.8560 744.2736
58 0.0000 213.4573 591.3344 1.2810 12.9872 1.0160 4.7600 824.8359
59 0.0000 149.5629 603.1449 0.7320 17.0457 1.0160 3.3320 774.8335
60 0.0000 162.9932 596.2675 1.4640 17.8574 0.5080 3.8080 782.8981
61 0.0000 185.3473 587.4648 2.0130 30.8446 1.5240 4.2840 811.4777
62 0.0000 78.8790 618.0855 0.9150 5.6819 1.5240 1.9040 706.9894
63 0.0000 81.5561 614.7477 0.3660 8.1170 0.5080 2.3800 707.6748
64 0.0000 183.9344 596.1364 2.1960 18.6691 1.0033 4.7600 806.6991
65 0.0000 113.0645 609.4125 2.0130 7.3053 2.0320 2.8560 736.6834
66 0.0000 105.8586 613.1127 1.0980 12.1755 2.0320 2.3800 736.6568
67 0.0000 103.4120 613.6400 2.0130 7.3053 1.0160 2.3800 729.7663
68 0.0000 180.2533 595.2069 1.0980 12.9872 1.0160 4.2840 794.8454
69 0.0000 147.8599 602.7162 0.7320 12.1755 1.0160 3.3320 767.8317
70 0.0000 213.7771 582.4168 1.8300 30.0329 1.0160 6.1880 835.2608
71 0.0000 97.5966 610.9547 0.7320 9.7404 1.5240 2.3800 722.9278
72 0.0000 93.7668 613.9641 1.2810 8.1170 1.0160 2.3800 720.5249
73 0.0000 105.5983 614.0908 1.4640 4.0585 1.0160 2.3800 728.6076
74 0.0000 141.2638 604.5207 0.9150 9.7404 1.0160 3.8080 761.2638
75 0.0000 179.8741 595.2570 2.7450 12.9872 1.0160 4.2840 796.1632
76 0.0000 139.1890 603.7311 0.9150 12.9872 1.0160 3.3320 761.1703
77 0.0000 104.3192 613.6091 1.0980 7.3053 1.5240 2.3800 730.2356
78 0.0000 159.7955 595.0876 3.1110 21.1042 1.0160 5.2360 785.3503
79 0.0000 175.6278 595.3645 1.2810 16.2340 1.5240 4.2840 794.3153
80 0.0000 119.3781 609.3816 1.4640 8.1170 2.5400 2.8560 743.7367
81 0.0000 146.1867 604.5781 1.8300 12.1755 1.5240 3.8080 770.1023
82 0.0000 87.1781 613.6061 1.8300 9.7404 1.5240 2.3800 716.2586
83 0.0000 165.9083 599.8189 2.1960 12.1755 4.0640 3.8080 787.9707
84 0.0000 123.6467 608.6922 1.6470 13.7989 0.5080 2.8560 751.1488
85 0.0000 113.9197 609.2357 1.6470 8.1170 2.0320 2.8560 737.8075
86 0.0000 62.0650 623.0481 1.2810 2.4351 1.0160 1.4280 691.2732
87 0.0000 100.6828 611.2302 1.6470 13.7989 0.0000 2.8560 730.2149
88 0.0000 84.6348 617.2400 0.9150 11.3638 2.0320 1.9040 718.0896
89 0.0000 107.8887 612.3997 0.9150 5.6819 1.0160 3.3320 731.2334
90 0.0000 148.9010 603.3585 1.4640 10.5521 0.5080 3.3320 768.1156
91 0.0000 205.7456 589.9822 1.8300 21.9159 2.5400 4.7600 826.7737
92 0.0000 64.6678 616.6390 0.5490 5.6819 0.0000 1.9040 689.4417
93 0.0000 114.7229 608.9691 1.2810 10.5521 2.5400 2.8560 740.9211
94 0.0000 97.1579 612.1272 1.8300 7.3053 0.0000 2.3800 720.8004
95 0.0000 99.4706 613.7475 1.0980 6.4936 0.0000 2.3800 723.1898
96 0.0000 148.1276 603.2333 0.7320 10.5521 1.5240 3.3320 767.5010
97 0.0000 95.4475 615.6256 1.2810 7.3053 0.5080 2.3800 722.5474
98 0.0000 122.8064 608.7055 1.4640 8.9287 2.0320 2.8560 746.7925
99 0.0000 103.0625 613.0803 0.7320 12.1755 0.5080 2.3800 731.9382
100 0.0000 146.2462 603.2392 0.9150 9.7404 0.5080 3.3320 763.9808
101 0.0000 142.1636 604.6326 2.0130 10.5521 2.5400 3.5700 765.4713
102 0.0000 156.6573 597.2868 2.3790 20.2925 2.5400 4.7600 783.9156
103 0.0000 76.8265 618.3345 0.7320 6.4936 0.5080 1.9040 704.7985
104 0.0000 151.9649 597.8995 1.2810 17.8574 2.5400 4.2840 775.8268

Average_Source_Energy: 5598.1284 J
Average_Destination_Energy: 750.5888 J
Total_Average_Energy: 981.4240 J
