Host : Encounters

0 674396
1 653192
2 732334
3 692983
4 677803
5 681507
6 726518
7 673211
8 695402
9 668132
10 666918
11 694196
12 728748
13 680601
14 711448
15 701807
16 724950
17 724614
18 717020
19 657451
20 693461
21 709338
22 686475
23 686856
24 726038
25 683739
26 739103
27 705356
28 713647
29 765515
30 722356
31 719491
32 684417
33 674082
34 728004
35 658876
36 719552
37 720923
38 694874
39 729815
40 727745
41 710979
42 655007
43 684578
44 691090
45 681612
46 724011
47 658687
48 717117
49 669128
50 707207
51 683605
52 661535
53 689001
54 691773
55 699113
56 733426
57 695138
58 738337
59 698825
60 671977
61 699685
62 754072
63 676429
64 714259
65 731026
66 682431
67 661883
68 690333
69 702756
70 681963
71 744743
72 677212
73 741153
74 729861
75 715606
76 676891
77 719972
78 713388
79 699653
80 694698
81 734403
82 699689
83 754993
84 697321
85 712334
86 691493
87 650290
88 687181
89 666490
90 699274
91 718722
92 676253
93 666082
94 697173
95 772230
96 639708
97 742111
98 738756
99 712479
100 689189
101 730047
102 696248
103 683990
104 692949

Top 5 hosts with most encounters
Host : Encounters
95 772230
29 765515
83 754993
62 754072
71 744743
