Host : Inquiry : Relay : Scanning : Src_Connection : Dst_Connection : Delivering : Receiving : Total (J)

0 5577.1336 0.0000 0.0000 19.3980 0.0000 21.8440 0.0000 5618.3756
1 5607.0022 0.0000 0.0000 23.0580 0.0000 30.4800 0.0000 5660.5402
2 5619.5982 0.0000 0.0000 20.4960 0.0000 26.9240 0.0000 5667.0182
3 5589.2740 0.0000 0.0000 23.9730 0.0000 24.3840 0.0000 5637.6310
4 5370.1572 0.0000 0.0000 30.0120 0.0000 24.8920 0.0000 5425.0612
5 0.0000 702.1097 486.1268 4.9410 31.6563 4.5720 5.2360 1234.6418
6 0.0000 582.5308 507.2600 4.9410 36.5265 5.0800 4.7600 1141.0982
7 0.0000 700.1762 485.7070 3.4770 38.1499 1.5240 5.7120 1234.7461
8 0.0000 667.6341 487.1270 5.3070 25.9744 4.0640 5.2360 1195.3425
9 0.0000 673.6279 492.2368 5.3070 32.4680 5.0800 5.7120 1214.4317
10 0.0000 612.0909 502.4329 7.8690 21.1042 12.1920 4.7600 1160.4490
11 0.0000 504.1278 525.9052 3.8430 30.8446 3.5560 3.8080 1072.0846
12 0.0000 650.8574 501.5064 3.4770 21.1042 2.5400 5.2360 1184.7210
13 0.0000 561.8499 515.8888 4.9410 17.0457 4.5720 4.2840 1108.5814
14 0.0000 586.4052 515.1125 2.9280 24.3510 2.7051 4.2840 1135.7858
15 0.0000 633.9914 494.3918 4.7580 29.2212 4.5720 5.2360 1172.1704
16 0.0000 610.9233 494.6437 5.6730 21.9159 3.0480 4.7600 1140.9640
17 0.0000 561.2624 511.5626 4.2090 32.4680 2.5400 4.2840 1116.3260
18 0.0000 636.1926 499.0642 4.9410 20.2925 5.5880 4.7600 1170.8383
19 0.0000 564.1924 514.1536 5.3070 26.7861 6.6040 4.5101 1121.5532
20 0.0000 516.8516 526.4340 2.5620 24.3510 3.5560 3.8080 1077.5626
21 0.0000 683.7564 485.7910 5.1240 38.9616 5.0800 6.1642 1224.8772
22 0.0000 701.2843 489.5353 4.9410 18.6691 2.5400 4.7600 1221.7297
23 0.0000 536.4542 512.0030 5.1240 25.9744 4.5720 4.2840 1088.4117
24 0.0000 634.3409 498.7755 6.0390 33.2797 3.5560 4.7600 1180.7511
25 0.0000 561.5227 510.7731 3.2940 27.5978 1.5240 4.9147 1109.6262
26 0.0000 639.9703 502.7408 4.7580 23.5393 4.0640 4.7600 1179.8324
27 0.0000 500.0080 529.0839 4.2090 20.2925 2.5400 3.8080 1059.9414
28 0.0000 546.3225 522.3582 4.0260 21.9159 3.5560 4.2840 1102.4626
29 0.0000 502.6628 529.1031 4.2090 21.1042 0.5080 3.8080 1061.3951
30 0.0000 707.4640 483.9998 4.7580 32.4680 5.0800 5.6168 1239.3866
31 0.0000 561.1880 514.9328 3.8430 30.0329 2.0320 4.2840 1116.3127
32 0.0000 679.0491 484.3489 5.8560 34.9031 6.6040 5.2360 1215.9971
33 0.0000 623.9744 500.8863 6.5880 26.7861 5.0800 4.7600 1168.0748
34 0.0000 682.8046 487.6514 5.6730 29.2212 4.5720 5.2360 1215.1581
35 0.0000 519.9378 514.4570 4.2090 18.6691 1.5240 4.2840 1063.0809
36 0.0000 563.6570 485.9839 3.6600 32.4680 4.0640 5.2360 1095.0689
37 0.0000 474.2107 522.0400 3.4770 23.5393 2.5400 4.5577 1030.3648
38 0.0000 616.3966 502.7423 4.9410 25.9744 5.9944 4.7600 1160.8087
39 0.0000 637.1519 474.7847 3.6600 26.7861 2.5400 6.6640 1151.5867
40 0.0000 507.1098 528.1589 5.6730 17.8574 6.6040 4.2840 1069.6871
41 0.0000 688.4340 489.2746 5.8560 21.9159 4.5720 5.2360 1215.2885
42 0.0000 636.7131 502.6303 4.9410 21.9159 3.0480 4.7600 1174.0083
43 0.0000 501.0639 527.5829 3.2940 20.2925 3.0480 4.2840 1059.5654
44 0.0000 608.5139 501.8717 7.5030 28.4095 8.6360 4.7600 1159.6941
45 0.0000 636.5347 502.0529 4.2090 21.1042 2.2733 4.7600 1170.9341
46 0.0000 698.7782 485.8926 3.6600 32.4680 1.0160 5.2360 1227.0508
47 0.0000 704.5191 481.2026 4.3920 25.1627 3.5560 5.2360 1224.0684
48 0.0000 645.4361 501.8879 2.1960 21.1042 3.0480 4.2840 1177.9563
49 0.0000 617.9062 499.5429 3.4770 32.4680 1.4986 4.2840 1159.1767
50 0.0000 689.2148 487.9961 6.2220 24.3510 5.0800 5.2360 1218.0999
51 0.0000 585.5277 515.1346 3.8430 21.9159 3.5560 4.2840 1134.2612
52 0.0000 616.4189 502.2414 4.3920 22.7276 3.0480 4.7600 1153.5880
53 0.0000 492.5045 522.8708 4.7580 30.8446 5.5880 6.0928 1062.6587
54 0.0000 631.5150 503.1812 5.6730 18.6691 6.0960 5.2241 1170.3584
55 0.0000 561.1583 513.8222 3.4770 20.2925 2.5400 4.2840 1105.5740
56 0.0000 686.6715 486.7366 5.3070 35.7148 8.6360 5.2360 1228.3020
57 0.0000 690.7690 488.8077 4.3920 26.7861 2.5400 5.2360 1218.5308
58 0.0000 701.6263 488.9992 4.2090 21.9159 1.5240 5.2360 1223.5104
59 0.0000 698.6517 487.7501 4.3920 37.3382 1.0160 5.2360 1234.3840
60 0.0000 631.0837 500.4606 6.0390 29.2212 5.0800 5.2360 1177.1205
61 0.0000 677.2867 478.3626 5.3070 30.8446 3.5560 5.2360 1200.5929
62 0.0000 573.2872 515.8343 3.6600 18.6691 2.0320 4.2840 1117.7666
63 0.0000 675.7101 488.9005 5.8560 24.3510 8.1280 5.7120 1208.6576
64 0.0000 679.4879 485.6702 4.2090 40.5850 2.3241 5.2360 1217.5122
65 0.0000 596.3032 503.0398 5.1240 19.4808 3.0480 4.7600 1131.7558
66 0.0000 582.8654 512.8191 5.1240 21.1042 4.0640 4.2840 1130.2607
67 0.0000 499.0338 529.1237 4.0260 17.8574 3.0480 3.8080 1056.8969
68 0.0000 623.1638 499.8184 4.9410 19.4808 6.6040 4.7600 1158.7680
69 0.0000 491.4039 529.4433 4.0260 18.6691 3.0480 3.8080 1050.3984
70 0.0000 556.4138 513.6263 3.8430 23.5393 5.5880 4.2840 1107.2944
71 0.0000 636.3562 501.3193 4.5750 26.7861 6.0960 4.7600 1179.8926
72 0.0000 621.0370 500.6904 5.8560 36.5265 5.0800 4.7600 1173.9499
73 0.0000 686.8203 486.2697 5.4900 30.8446 5.9944 5.2360 1220.6550
74 0.0000 618.8507 502.6937 6.9540 17.8574 9.1440 4.7600 1160.2597
75 0.0000 636.5718 502.6377 5.3070 24.3510 4.5720 4.7600 1178.1995
76 0.0000 711.5094 486.8692 4.2090 29.2212 5.5880 6.1880 1243.5849
77 0.0000 565.8805 512.9693 4.9410 25.1627 3.0480 4.2840 1116.2855
78 0.0000 631.3440 499.3912 3.6600 27.5978 3.5560 4.7600 1170.3090
79 0.0000 632.5859 501.2369 4.3920 21.1042 2.0320 4.9385 1166.2894
80 0.0000 627.8414 501.9527 4.2090 27.5978 4.0640 5.2360 1170.9009
81 0.0000 571.1306 515.7857 3.2940 25.9744 3.5560 4.2840 1124.0247
82 0.0000 499.3238 526.4944 3.8430 21.9159 3.5560 4.2840 1059.4171
83 0.0000 578.2325 511.5508 3.8430 21.9159 2.0320 4.2840 1121.8582
84 0.0000 487.9311 525.0008 2.7450 29.2212 2.5273 3.8080 1051.2333
85 0.0000 644.2761 502.3269 3.6600 24.3510 0.0000 4.7600 1179.3739
86 0.0000 714.6848 486.9782 4.2090 30.8446 2.7305 5.7120 1245.1592
87 0.0000 548.4344 513.4907 6.2220 17.0457 5.4610 4.7600 1095.4139
88 0.0000 659.2457 485.4625 5.1240 21.9159 3.0480 5.2360 1180.0321
89 0.0000 615.0209 502.2827 4.5750 26.7861 2.0320 4.7600 1155.4566
90 0.0000 655.5944 489.1730 3.8430 23.5393 3.5560 5.2360 1180.9417
91 0.0000 628.8974 499.0377 4.7580 28.4095 4.5720 5.7120 1171.3865
92 0.0000 581.2294 502.2385 5.8560 23.5393 4.0640 4.7600 1121.6872
93 0.0000 626.5995 502.6465 4.3920 17.8574 3.0480 4.7600 1159.3034
94 0.0000 604.4015 496.3583 5.1240 27.5978 5.0800 5.2360 1143.7976
95 0.0000 578.0689 511.4006 3.6600 29.2212 2.0320 4.2840 1128.6666
96 0.0000 626.1756 502.9013 3.8430 18.6691 1.5240 5.5930 1158.7061
97 0.0000 515.3941 514.1948 2.9280 15.4223 2.5400 4.2840 1054.7632
98 0.0000 699.5813 491.2926 3.1110 22.7276 1.5240 5.2360 1223.4725
99 0.0000 555.2983 507.1333 3.2940 24.3510 3.5560 4.7600 1098.3926
100 0.0000 624.1826 498.7976 4.5750 34.0914 3.5560 5.2360 1170.4386
101 0.0000 635.3448 499.1982 2.9280 30.0329 3.0480 4.7600 1175.3119
102 0.0000 672.4529 488.5514 6.9540 21.9159 4.0640 5.2360 1199.1742
103 0.0000 700.2208 488.8371 4.9410 25.9744 6.0960 5.2360 1231.3054
104 0.0000 605.3460 503.0737 6.0390 16.2340 3.0480 4.7600 1138.5007

Average_Source_Energy: 5601.7252 J
Average_Destination_Energy: 1154.5803 J
Total_Average_Energy: 1366.3491 J
