Host : Inquiry : Relay : Scanning : Src_Connection : Dst_Connection : Delivering : Receiving : Total (J)

0 5615.9266 0.0000 0.0000 20.1300 0.0000 23.5585 0.0000 5659.6151
1 5444.3128 0.0000 0.0000 23.9730 0.0000 23.8252 0.0000 5492.1110
2 5542.9100 0.0000 0.0000 27.6330 0.0000 32.1691 0.0000 5602.7121
3 5559.8610 0.0000 0.0000 23.6070 0.0000 22.3520 0.0000 5605.8200
4 5602.2318 0.0000 0.0000 20.1300 0.0000 20.2692 0.0000 5642.6310
5 0.0000 568.8030 511.5626 6.4050 27.5978 3.5560 4.2840 1122.2084
6 0.0000 657.7361 487.6087 7.1370 32.4680 6.6040 5.7120 1197.2658
7 0.0000 672.4529 492.9571 6.2220 20.2925 5.5880 5.2360 1202.7486
8 0.0000 611.6893 496.5969 7.6860 21.9159 3.0480 5.2360 1146.1721
9 0.0000 651.7572 486.7499 5.4900 35.7148 7.8486 5.2360 1192.7965
10 0.0000 503.5031 528.0676 3.8430 25.1627 2.5400 3.8080 1066.9244
11 0.0000 563.8875 512.3551 6.0390 30.0329 3.0480 4.2840 1119.6464
12 0.0000 636.9883 495.2506 6.4050 30.0329 8.6360 6.2475 1183.5603
13 0.0000 582.4787 485.0795 5.4900 41.3967 4.5720 5.7120 1124.7290
14 0.0000 707.2632 487.1800 5.3070 27.5978 2.5400 5.2360 1235.1240
15 0.0000 623.5580 498.5015 6.2220 21.9159 1.0160 4.7600 1155.9734
16 0.0000 593.0757 498.0743 6.7710 24.3510 8.1280 4.7600 1135.1601
17 0.0000 679.3391 486.9591 5.4900 38.9616 5.0800 5.2360 1221.0658
18 0.0000 705.2256 487.5041 5.4900 22.7276 5.5880 5.2360 1231.7713
19 0.0000 705.4933 489.3115 4.7580 22.7276 3.4163 5.2360 1230.9427
20 0.0000 566.5869 512.6703 3.1110 35.7148 2.5400 4.2840 1124.9070
21 0.0000 637.4568 481.9155 4.5750 26.7861 2.7178 5.2360 1158.6872
22 0.0000 616.6271 501.9601 5.1240 25.1627 2.5400 4.2840 1155.6979
23 0.0000 605.4575 505.5881 3.2940 17.8574 2.5400 4.7600 1139.4970
24 0.0000 634.3334 501.7171 4.2090 21.9159 4.0640 4.7600 1170.9994
25 0.0000 552.1899 518.1999 3.1110 19.4808 3.0480 4.2840 1100.3136
26 0.0000 635.7984 500.3575 3.2940 30.0329 3.5560 4.7600 1177.7988
27 0.0000 525.3664 517.1556 4.7580 23.5393 3.5560 4.2840 1078.6593
28 0.0000 594.3697 506.2510 4.5750 25.9744 4.8514 4.7600 1140.7814
29 0.0000 641.0114 499.8080 2.1960 24.3510 2.5400 4.7600 1174.6665
30 0.0000 688.8802 486.6085 4.9410 27.5978 4.0640 5.2360 1217.3275
31 0.0000 605.4650 502.9986 4.5750 24.3510 2.0320 5.2360 1144.6575
32 0.0000 630.2285 499.8360 3.2940 21.1042 2.5400 4.7600 1161.7627
33 0.0000 635.2035 502.0853 4.0260 25.9744 6.0960 5.5811 1178.9663
34 0.0000 497.3829 528.3077 5.3070 19.4808 6.6040 3.9389 1061.0212
35 0.0000 643.9340 500.7714 2.7450 21.9159 1.3970 5.1884 1175.9517
36 0.0000 635.9323 501.4401 5.3070 24.3510 6.5024 5.5692 1179.1020
37 0.0000 600.8246 508.1570 5.3070 25.1627 4.5720 4.7600 1148.7833
38 0.0000 666.9871 489.5118 5.1240 17.8574 2.5400 5.2360 1187.2563
39 0.0000 509.9803 528.9219 4.5750 17.0457 1.0160 3.8080 1065.3469
40 0.0000 572.7146 513.1416 4.3920 21.9159 3.5560 4.2840 1120.0042
41 0.0000 586.5762 512.2961 3.8430 17.8574 4.0640 4.4744 1129.1112
42 0.0000 519.7816 527.4754 2.1960 21.1042 2.0320 3.8080 1076.3972
43 0.0000 631.7009 500.3015 3.8430 25.1627 1.0160 4.7600 1166.7841
44 0.0000 694.3088 487.4908 5.3070 36.5265 3.5560 5.2360 1232.4251
45 0.0000 616.4189 505.7325 5.4900 19.4808 4.5720 4.7600 1156.4542
46 0.0000 496.4236 527.5137 3.4770 25.1627 5.0800 3.8080 1061.4650
47 0.0000 627.1647 502.6347 4.5750 19.4808 4.3434 5.0218 1163.2204
48 0.0000 445.2456 541.1036 3.2940 15.4223 3.5560 3.3320 1011.9535
49 0.0000 568.6394 514.1153 4.0260 26.7861 4.0640 4.2840 1121.9148
50 0.0000 625.3055 500.3369 3.4770 30.8446 2.0320 5.2360 1167.2320
51 0.0000 545.2367 516.6209 4.9410 29.2212 5.5880 4.7600 1106.3678
52 0.0000 542.3514 514.8680 4.2090 24.3510 3.6957 4.2840 1093.7591
53 0.0000 630.1988 501.5580 4.7580 25.9744 2.0320 4.7600 1169.2811
54 0.0000 632.6231 501.4136 5.1240 24.3510 1.0160 5.2360 1169.7637
55 0.0000 629.0610 502.2503 4.7580 25.9744 5.0800 4.7600 1171.8837
56 0.0000 545.5193 513.3272 4.2090 19.4808 1.0160 4.2840 1087.8364
57 0.0000 630.2954 502.4536 4.5750 20.2925 1.5240 5.4502 1164.5907
58 0.0000 659.0003 485.2239 4.3920 25.9744 1.5240 5.2360 1181.3506
59 0.0000 636.2967 502.3121 4.5750 25.1627 3.0480 4.7600 1176.1545
60 0.0000 699.5739 486.1106 5.4900 35.7148 5.0800 5.2360 1237.2053
61 0.0000 555.9527 510.8128 5.3070 29.2212 3.1877 4.2840 1108.7655
62 0.0000 694.3088 488.2804 5.1240 29.2212 2.5400 5.2360 1224.7104
63 0.0000 444.0483 542.7578 3.6600 16.2340 3.0480 4.7600 1014.5081
64 0.0000 637.9476 500.0776 4.2090 26.7861 2.5400 4.7600 1176.3203
65 0.0000 564.3932 513.3376 3.6600 23.5393 4.5720 4.2840 1113.7860
66 0.0000 709.0331 481.9199 4.3920 44.6435 4.5720 5.2360 1249.7965
67 0.0000 504.2170 527.5093 5.3070 20.2925 7.1120 3.8080 1068.2458
68 0.0000 613.8831 502.5964 5.1240 17.8574 3.9116 4.7600 1148.1325
69 0.0000 468.3954 526.3014 1.6470 34.0914 2.5400 3.8080 1036.7832
70 0.0000 626.4210 500.7861 5.8560 25.1627 5.0800 4.7600 1168.0658
71 0.0000 705.0025 488.5573 5.6730 24.3510 3.0480 5.2360 1231.8678
72 0.0000 618.6573 501.1323 5.1240 36.5265 7.6200 4.7600 1173.8201
73 0.0000 565.2112 515.9978 4.0260 13.7989 2.4638 4.7600 1106.2577
74 0.0000 588.8369 497.7134 3.1110 34.9031 5.0800 4.7600 1134.4045
75 0.0000 638.2971 500.4105 4.5750 25.1627 2.0320 4.7600 1175.2373
76 0.0000 673.3751 492.1823 5.3070 33.2797 5.0800 5.9738 1215.1979
77 0.0000 554.1829 514.7855 4.3920 26.7861 9.1440 4.2840 1113.5745
78 0.0000 648.2992 502.7099 3.4770 17.8574 1.0160 5.1884 1178.5479
79 0.0000 574.7076 512.4523 3.2940 24.3510 4.5720 4.2840 1123.6609
80 0.0000 619.6761 500.9879 4.3920 36.5265 3.0480 4.7600 1169.3905
81 0.0000 509.5936 522.2359 3.6600 21.9159 4.5720 4.2483 1066.2257
82 0.0000 561.3293 515.7489 4.0260 27.5978 1.0160 5.1408 1114.8588
83 0.0000 498.5058 527.5270 4.0260 21.9159 3.5560 4.2840 1059.8146
84 0.0000 636.0959 500.5961 4.5750 25.9744 5.5880 5.2360 1178.0654
85 0.0000 693.6693 485.2843 3.1110 31.6563 1.4224 5.2360 1220.3793
86 0.0000 598.6680 503.2652 6.4050 12.9872 2.5400 5.7120 1129.5774
87 0.0000 706.8914 486.9900 4.0260 26.7861 1.5240 5.4145 1231.6320
88 0.0000 630.1393 501.2162 5.6730 24.3510 7.1120 4.7600 1173.2515
89 0.0000 697.4396 489.5707 3.8430 21.1042 3.0480 4.7600 1219.7655
90 0.0000 542.4704 514.2611 4.7580 20.2925 5.0800 4.2840 1091.1460
91 0.0000 498.7437 528.4270 3.2940 26.7861 2.0320 3.8080 1063.0908
92 0.0000 513.7952 525.6960 4.2090 21.9159 2.5400 4.2840 1072.4401
93 0.0000 640.1785 503.2858 2.7450 30.0329 3.5560 4.7600 1184.5582
94 0.0000 477.4902 528.1191 4.2090 21.9159 2.0320 4.4030 1038.1692
95 0.0000 639.0482 494.3270 5.4900 20.2925 8.1280 5.3669 1172.6526
96 0.0000 604.5131 506.4469 4.9410 20.2925 3.5560 4.7600 1144.5094
97 0.0000 553.9374 513.5806 4.7580 21.9159 4.5720 4.2840 1103.0479
98 0.0000 565.1368 515.6826 5.6730 21.1042 6.0960 4.2840 1117.9766
99 0.0000 583.4306 515.3261 1.8300 25.1627 2.5400 4.2840 1132.5734
100 0.0000 443.0815 543.1570 2.3790 14.6106 4.5720 3.3320 1011.1321
101 0.0000 618.6201 502.6951 4.0260 22.7276 5.5880 5.8786 1159.5355
102 0.0000 494.8173 529.8720 4.2090 17.8574 4.0259 3.8080 1054.5896
103 0.0000 626.8003 491.4738 4.7580 33.2797 4.5720 4.7600 1165.6438
104 0.0000 557.1946 515.0477 5.3070 32.4680 6.6040 4.7600 1121.3813

Average_Source_Energy: 5600.5778 J
Average_Destination_Energy: 1144.3052 J
Total_Average_Energy: 1356.5086 J
