Host : Inquiry : Relay : Scanning : Src_Connection : Dst_Connection : Delivering : Receiving : Total (J)

0 39017.7554 0.0000 0.0000 47.4240 0.0000 96.9826 0.0000 39162.1620
1 39040.9110 0.0000 0.0000 48.3600 0.0000 106.3920 0.0000 39195.6630
2 38867.5287 0.0000 0.0000 44.9280 0.0000 90.0042 0.0000 39002.4609
3 39568.8397 0.0000 0.0000 37.7520 0.0000 86.9440 0.0000 39693.5357
4 39426.2999 0.0000 0.0000 34.9440 0.0000 72.6154 0.0000 39533.8593
5 0.0000 2540.8526 38104.0582 4.9920 68.2240 9.1520 3.0800 40730.3588
6 0.0000 1864.6901 38475.6866 4.6800 63.9600 6.8640 2.4640 40418.3447
7 0.0000 1597.4517 39167.6974 2.8080 76.7520 4.5760 1.8480 40851.1331
8 0.0000 1654.4866 39236.6897 1.2480 46.9040 1.1440 1.5400 40942.0123
9 0.0000 1670.9992 39092.6315 0.6240 85.2800 2.2880 2.2022 40854.0249
10 0.0000 1394.4606 39513.9875 0.3120 46.9040 1.1440 1.5400 40958.3481
11 0.0000 1868.8657 38643.0902 1.8720 85.2800 3.4320 2.7720 40605.3119
12 0.0000 1934.4416 38657.6099 3.7440 68.2240 3.4320 2.7720 40670.2235
13 0.0000 896.5203 39625.4001 0.9360 46.9040 2.2880 1.2320 40573.2804
14 0.0000 1789.4344 38637.7758 4.3680 81.0160 5.7200 2.7720 40521.0862
15 0.0000 1037.0672 39837.2169 0.6240 42.6400 0.0000 1.2320 40918.7801
16 0.0000 1721.2962 38927.3157 3.4320 72.4880 9.1520 2.1560 40735.8399
17 0.0000 2103.6483 38529.7796 3.7440 106.6000 5.7200 2.7720 40752.2639
18 0.0000 1190.2358 39546.6331 1.5600 29.8480 2.2880 1.5400 40772.1049
19 0.0000 1584.4504 39245.8001 3.7440 51.1680 2.2880 2.1560 40889.6065
20 0.0000 2005.3319 38353.4554 2.8080 98.0720 4.5760 2.7566 40466.9999
21 0.0000 1918.6882 38778.0380 1.8720 51.1680 3.4320 2.1560 40755.3542
22 0.0000 2394.5168 38361.9964 2.4960 89.5440 1.1440 2.7720 40852.4692
23 0.0000 1572.0185 38850.9212 3.1200 76.7520 6.8640 2.1560 40511.8317
24 0.0000 1557.5937 39261.0790 3.1200 29.8480 4.5760 1.8480 40858.0647
25 0.0000 1596.0282 39168.6464 1.5600 81.0160 0.5720 2.1560 40849.9786
26 0.0000 1803.8592 38890.3047 3.1200 51.1680 6.8640 2.1560 40757.4719
27 0.0000 845.4641 39826.8728 1.8720 38.3760 4.8906 1.2320 40718.7075
28 0.0000 1178.9427 39351.1391 0.9360 55.4320 0.0000 1.5400 40587.9898
29 0.0000 1306.3934 39418.8028 1.2480 38.3760 1.1440 1.5400 40767.5042
30 0.0000 1226.8672 39560.8681 1.5600 38.3760 2.2880 1.8480 40831.8073
31 0.0000 1677.7371 38951.4203 3.1200 63.9600 2.2880 2.4640 40700.9894
32 0.0000 1771.5932 37963.9858 4.9920 72.4880 10.2960 2.4640 39825.8190
33 0.0000 1923.7179 38955.3112 2.1840 46.9040 3.4320 2.1560 40933.7051
34 0.0000 1363.9977 39548.3413 1.2480 38.3760 0.0000 1.5400 40953.5030
35 0.0000 1625.1625 39187.0570 2.1840 76.7520 2.2880 1.8480 40895.2915
36 0.0000 1203.3320 39241.3398 2.8080 51.1680 6.8640 1.8480 40507.3598
37 0.0000 1559.1121 39246.9389 1.8720 55.4320 2.2880 2.1560 40867.7990
38 0.0000 1773.6810 38969.3564 2.4960 51.1680 0.0000 2.1560 40798.8574
39 0.0000 1719.7778 38944.0181 2.1840 63.9600 1.1440 2.1560 40733.2399
40 0.0000 1299.9402 39540.3697 1.2480 46.9040 1.1440 1.8480 40891.4539
41 0.0000 1473.3225 39210.4973 2.4960 68.2240 4.5760 1.8788 40760.9946
42 0.0000 279.6703 40710.7714 0.0000 8.5280 0.0000 0.3080 40999.2777
43 0.0000 1102.1686 39845.4732 0.9360 21.3200 1.1440 1.2320 40972.2738
44 0.0000 1525.5175 39127.5547 3.4320 55.4320 2.2880 1.8480 40716.0722
45 0.0000 2039.5908 38639.4840 1.8720 63.9600 3.4320 2.4640 40750.8028
46 0.0000 1968.8903 38599.1515 3.4320 76.7520 4.5760 2.4563 40655.2581
47 0.0000 1227.6264 39698.5680 0.6240 42.6400 1.1440 1.8480 40972.4504
48 0.0000 1098.9420 39826.3983 0.3120 38.3760 1.1440 1.2320 40966.4043
49 0.0000 2261.1823 38264.8188 3.4320 85.2800 8.0080 2.7720 40625.4931
50 0.0000 1299.8453 39548.1515 1.8720 29.8480 2.2880 1.5400 40883.5448
51 0.0000 1544.4975 38902.5468 1.8720 51.1680 0.0000 1.8480 40501.9323
52 0.0000 1857.0981 38887.1730 1.5600 68.2240 1.1440 2.1560 40817.3551
53 0.0000 1684.3801 39250.1655 0.0000 38.3760 0.0000 1.8480 40974.7696
54 0.0000 1407.4619 39001.7173 2.8080 85.2800 2.2880 1.8480 40501.4032
55 0.0000 1042.8561 39826.1136 1.8720 51.1680 1.1440 1.2320 40924.3857
56 0.0000 2123.2926 38681.5247 4.3680 55.4320 8.0080 3.0800 40875.7053
57 0.0000 1565.0908 39254.5309 2.4960 34.1120 3.4320 1.8480 40861.5097
58 0.0000 2724.0096 38097.5101 2.1840 68.2240 2.2880 3.0800 40897.2957
59 0.0000 1908.6288 38858.4183 1.5600 85.2800 2.2880 2.1560 40858.3311
60 0.0000 2080.0182 38415.3302 2.4960 93.8080 1.1440 2.4640 40595.2604
61 0.0000 2365.2876 37848.2078 3.4320 162.0320 3.4320 2.7720 40385.1634
62 0.0000 1006.6043 39820.9890 1.2480 34.1120 3.4320 1.2320 40867.6173
63 0.0000 1040.7683 39605.9456 0.6240 42.6400 1.1440 1.5400 40692.6619
64 0.0000 2347.2566 38406.8841 4.6800 85.2800 2.2594 3.0800 40849.4401
65 0.0000 1442.8596 39262.2178 3.4320 38.3760 4.5760 1.8480 40753.3094
66 0.0000 1350.9015 39500.6066 1.5600 68.2240 4.5760 1.5400 40927.4081
67 0.0000 1319.6794 39534.5808 3.4320 38.3760 2.2880 1.5400 40899.8962
68 0.0000 2300.2811 38347.0022 1.5600 72.4880 2.2880 2.7720 40726.3913
69 0.0000 1886.8967 38830.8024 1.5600 59.6960 2.2880 2.1560 40783.3991
70 0.0000 2728.0903 37522.9855 3.7440 149.2400 2.2880 4.0040 40410.3518
71 0.0000 1245.4676 39361.5781 1.2480 51.1680 3.4320 1.5400 40664.4337
72 0.0000 1196.5941 39555.4588 2.1840 42.6400 2.2880 1.5400 40800.7049
73 0.0000 1347.5800 39563.6202 2.1840 25.5840 2.2880 1.5400 40942.7962
74 0.0000 1802.7204 38947.0549 1.5600 51.1680 2.2880 2.4640 40807.2553
75 0.0000 2295.4412 38350.2288 4.0560 76.7520 2.2880 2.7720 40731.5380
76 0.0000 1776.2433 38896.1885 1.5600 68.2240 2.2880 2.1560 40746.6598
77 0.0000 1331.2572 39532.5879 1.8720 38.3760 3.4320 1.5400 40909.0651
78 0.0000 2039.2112 38339.3153 5.3040 110.8640 2.2880 3.3880 40500.3705
79 0.0000 2241.2533 38357.1565 1.8720 89.5440 3.4320 2.7720 40696.0298
80 0.0000 1523.4297 39260.2249 2.8080 38.3760 5.7200 1.8480 40832.4066
81 0.0000 1865.5442 38950.7560 2.4960 72.4880 3.4320 2.4640 40897.1802
82 0.0000 1112.5127 39532.3981 2.1840 63.9600 3.4320 1.5400 40716.0268
83 0.0000 2117.2190 38644.1341 3.7440 63.9600 9.1520 2.4640 40840.6731
84 0.0000 1577.9023 39215.8117 2.8080 72.4880 1.1440 1.8480 40872.0020
85 0.0000 1453.7731 39250.8298 2.8080 42.6400 4.5760 1.8480 40756.4749
86 0.0000 792.0354 40140.7071 2.1840 12.7920 2.2880 0.9240 40950.9305
87 0.0000 1284.8511 39379.3244 2.1840 81.0160 0.0000 1.8480 40749.2235
88 0.0000 1080.0569 39766.5164 1.5600 59.6960 4.5760 1.2320 40913.6373
89 0.0000 1376.8092 39454.6750 1.5600 29.8480 2.2880 2.1560 40867.3362
90 0.0000 1900.1827 38872.1788 2.1840 59.6960 1.1440 2.1560 40837.5415
91 0.0000 2625.5983 38010.3919 3.1200 115.1280 5.7200 3.0800 40763.0382
92 0.0000 825.2504 39727.7972 0.6240 34.1120 0.0000 1.2320 40589.0156
93 0.0000 1464.0223 39233.6529 2.4960 51.1680 5.7200 1.8480 40758.9072
94 0.0000 1239.8685 39437.1185 3.4320 34.1120 0.0000 1.5400 40716.0710
95 0.0000 1269.3824 39541.5085 1.5600 38.3760 0.0000 1.5400 40852.3669
96 0.0000 1890.3131 38864.1123 1.2480 55.4320 3.4320 2.1560 40816.6934
97 0.0000 1218.0415 39662.5060 1.8720 42.6400 1.1440 1.5400 40927.7435
98 0.0000 1567.1786 39216.6658 2.8080 42.6400 4.5760 1.8480 40835.7164
99 0.0000 1315.2191 39498.5188 0.9360 68.2240 1.1440 1.5400 40885.5819
100 0.0000 1866.3034 38864.4919 0.9360 59.6960 1.1440 2.1560 40794.7273
101 0.0000 1814.2033 38954.2673 3.1200 59.6960 5.7200 2.3100 40839.3166
102 0.0000 1999.1634 38481.0010 4.3680 102.3360 5.7200 3.0800 40595.6684
103 0.0000 980.4119 39837.0271 0.9360 38.3760 1.1440 1.2320 40859.1270
104 0.0000 1939.2815 38520.4794 1.8720 98.0720 5.7200 2.7720 40568.1969

Average_Source_Energy: 39317.5362 J
Average_Destination_Energy: 40764.9953 J
Total_Average_Energy: 40696.0687 J
