Host : Inquiry : Relay : Scanning : Src_Connection : Dst_Connection : Delivering : Receiving : Total (J)

0 5464.3324 0.0000 0.0000 20.8620 0.0000 16.3068 0.0000 5501.5012
1 5573.7300 0.0000 0.0000 25.0710 0.0000 23.3680 0.0000 5622.1690
2 5600.5032 0.0000 0.0000 19.7640 0.0000 15.5956 0.0000 5635.8628
3 5535.0844 0.0000 0.0000 25.4370 0.0000 35.5600 0.0000 5596.0814
4 5524.2304 0.0000 0.0000 25.8030 0.0000 25.9080 0.0000 5575.9414
5 0.0000 692.8959 488.5705 4.3920 26.7861 4.0640 5.7834 1222.4919
6 0.0000 650.4037 487.8576 4.5750 32.4680 4.0640 6.6045 1185.9728
7 0.0000 545.7573 506.0418 4.5750 29.2212 3.0480 4.2959 1092.9392
8 0.0000 709.7321 486.1180 4.0260 29.2212 3.5560 5.2360 1237.8893
9 0.0000 605.2865 500.2220 4.2090 33.2797 2.0320 4.7600 1149.7891
10 0.0000 693.6990 488.8136 5.8560 25.1627 6.0960 5.2360 1224.8633
11 0.0000 633.2180 501.5359 4.7580 25.1627 3.0480 5.0932 1172.8158
12 0.0000 605.5021 500.9216 5.6730 20.2925 2.0320 4.7600 1139.1813
13 0.0000 671.4341 488.0844 6.9540 25.9744 3.5560 5.7120 1201.7150
14 0.0000 606.8630 506.0182 4.3920 28.4095 3.0480 5.2241 1153.9548
15 0.0000 664.6298 484.8939 7.8690 34.9031 6.7310 5.2360 1204.2628
16 0.0000 613.3179 501.9542 4.9410 22.7276 2.0320 4.7600 1149.7327
17 0.0000 697.3875 483.4106 3.8430 36.5265 4.5720 5.2360 1230.9756
18 0.0000 689.7651 483.6846 6.2220 22.7276 7.1120 5.2360 1214.7473
19 0.0000 611.2357 497.6619 6.2220 31.6563 6.0960 5.1408 1158.0127
20 0.0000 700.3324 489.0095 6.0390 25.1627 7.1120 5.3193 1232.9749
21 0.0000 562.9430 512.0354 3.8430 18.6691 2.0320 4.7600 1104.2826
22 0.0000 691.2152 486.9826 4.7580 31.6563 3.0480 5.2360 1222.8962
23 0.0000 508.6789 527.9026 3.6600 19.4808 3.0480 3.8080 1066.5783
24 0.0000 611.6298 511.5994 7.6860 19.4808 2.5400 4.7600 1157.6960
25 0.0000 704.8687 486.8972 4.9410 39.7733 4.5720 5.2360 1246.2882
26 0.0000 520.4658 514.5248 4.5750 24.3510 4.0640 4.2840 1072.2646
27 0.0000 641.3015 502.6274 6.2220 19.4808 5.0800 4.7600 1179.4716
28 0.0000 602.4532 502.0956 4.0260 24.3510 1.5240 4.7600 1139.2098
29 0.0000 592.6519 501.9351 4.7580 25.1627 2.0320 4.7600 1131.2996
30 0.0000 666.9499 482.1807 5.4900 34.9031 7.1120 5.7120 1202.3477
31 0.0000 675.8663 485.3506 5.4900 34.9031 4.5720 5.2360 1211.4180
32 0.0000 697.8560 488.9859 6.2220 22.7276 2.0320 5.2360 1223.0596
33 0.0000 615.3034 501.5756 4.3920 25.1627 2.0320 5.2122 1153.6780
34 0.0000 646.8045 502.4712 4.0260 22.7276 2.0320 4.7600 1182.8213
35 0.0000 644.9453 502.0750 4.2090 20.2925 4.5720 5.2360 1181.3298
36 0.0000 616.0174 500.7758 4.7580 30.0329 3.5560 4.7600 1159.9001
37 0.0000 630.8457 498.9036 4.0260 21.9159 5.0800 4.7600 1165.5313
38 0.0000 641.8592 501.5830 3.6600 23.5393 1.5240 4.7600 1176.9255
39 0.0000 632.1397 489.5177 6.5880 18.6691 5.5245 5.2360 1157.6750
40 0.0000 692.3233 484.1486 4.2090 30.0329 3.0480 5.2360 1218.9978
41 0.0000 650.9763 489.9257 4.3920 38.9616 5.0800 5.2360 1194.5716
42 0.0000 544.8426 514.6677 4.2090 28.4095 4.4958 4.2840 1100.9086
43 0.0000 597.3369 500.8200 5.6730 26.7861 3.0480 4.7600 1138.4240
44 0.0000 618.5829 501.2663 5.3070 41.3967 4.5720 5.2360 1176.3610
45 0.0000 530.2448 515.1994 3.8430 21.1042 3.0480 4.2840 1077.7234
46 0.0000 669.4412 487.8767 6.0390 33.2797 5.5880 5.2360 1207.4606
47 0.0000 639.8290 502.8248 6.5880 13.7989 6.0960 4.7600 1173.8967
48 0.0000 626.6144 500.2117 4.7580 31.6563 4.5720 4.7600 1172.5723
49 0.0000 531.9775 515.6340 3.4770 26.7861 2.0320 4.2840 1084.1905
50 0.0000 505.0722 522.2610 4.3920 17.8574 5.5880 3.8080 1058.9786
51 0.0000 509.7795 514.4688 5.3070 25.9744 3.0480 4.7600 1063.3377
52 0.0000 695.6771 488.4851 5.1240 28.4095 8.6360 5.2360 1231.5677
53 0.0000 511.3189 528.5669 3.6600 16.2340 3.0480 3.8080 1066.6358
54 0.0000 692.6356 487.7059 5.1240 34.0914 2.0320 5.2360 1226.8249
55 0.0000 692.5910 488.9668 5.1240 21.9159 3.5560 5.7120 1217.8657
56 0.0000 642.4244 499.3161 6.0390 24.3510 6.6040 4.7600 1183.4944
57 0.0000 620.7023 501.2118 6.0390 31.6563 6.0960 4.7600 1170.4655
58 0.0000 509.2738 528.3430 3.2940 24.3510 2.5400 3.8080 1071.6098
59 0.0000 546.9694 514.0976 5.1240 25.1627 6.6040 4.7600 1102.7178
60 0.0000 523.7527 521.2078 4.7580 22.7276 3.5560 4.2840 1080.2861
61 0.0000 695.0599 484.7908 4.9410 30.8446 2.9464 5.7120 1224.2947
62 0.0000 627.7224 498.5884 5.3070 35.7148 7.6200 4.7600 1179.7126
63 0.0000 547.2892 514.1462 5.1240 31.6563 2.5400 4.2840 1105.0397
64 0.0000 663.9530 482.9230 6.7710 36.5265 2.0320 5.2360 1197.4416
65 0.0000 637.7096 501.0174 3.8430 25.1627 2.5400 4.7600 1175.0327
66 0.0000 622.5094 500.5887 6.2220 38.1499 1.5240 4.8790 1173.8731
67 0.0000 627.8414 498.0375 5.1240 30.8446 4.0640 4.7600 1170.6715
68 0.0000 684.7901 488.1227 6.0390 37.3382 5.5880 5.2360 1227.1140
69 0.0000 629.4923 488.8916 5.4900 25.1627 4.0640 5.2360 1158.3366
70 0.0000 619.9884 497.7473 5.1240 26.7861 3.5560 4.7600 1157.9619
71 0.0000 698.8674 485.5288 5.8560 34.0914 6.0960 5.2360 1235.6756
72 0.0000 530.7281 507.4676 4.3920 26.7861 2.5400 4.2840 1076.1979
73 0.0000 637.4270 500.3869 4.9410 24.3510 0.3937 5.2360 1172.7357
74 0.0000 633.9839 499.7698 4.5750 40.5850 2.0320 4.7600 1185.7057
75 0.0000 661.2610 482.6918 5.1240 30.0329 6.6040 5.7120 1191.4257
76 0.0000 560.1395 513.8693 6.4050 21.1042 7.6200 4.2840 1113.4220
77 0.0000 571.4281 513.2359 4.5750 21.9159 2.5400 5.6406 1119.3355
78 0.0000 679.0194 486.5569 6.2220 30.8446 7.6200 5.2360 1215.4989
79 0.0000 639.4721 500.3678 3.8430 26.7861 3.0480 4.7600 1178.2770
80 0.0000 682.3361 489.3733 6.2220 25.1627 3.0480 5.2360 1211.3781
81 0.0000 665.4701 487.7854 4.7580 30.0329 4.0640 5.2360 1197.3464
82 0.0000 626.5995 502.6215 8.0520 19.4808 6.0960 4.8076 1167.6574
83 0.0000 692.8885 486.0001 5.1240 30.8446 3.0480 5.2360 1223.1412
84 0.0000 622.0855 496.5674 5.4900 23.5393 7.6200 4.7600 1160.0623
85 0.0000 686.1138 487.5011 6.4050 42.2084 0.5207 5.2360 1227.9850
86 0.0000 625.4171 501.9999 3.2940 27.5978 2.0320 4.7600 1165.1008
87 0.0000 607.3241 497.5956 4.5750 39.7733 3.6449 5.7120 1158.6249
88 0.0000 555.3281 513.5614 6.2220 26.7861 3.5560 4.2840 1109.7376
89 0.0000 574.5440 514.0844 4.2090 30.8446 4.0640 4.2840 1132.0300
90 0.0000 634.8317 500.8936 4.9410 29.2212 3.5560 4.7600 1178.2035
91 0.0000 689.8395 487.7118 4.5750 23.5393 4.0640 5.2360 1214.9656
92 0.0000 650.5822 502.3357 2.5620 21.1042 4.0640 4.7600 1185.4081
93 0.0000 700.8158 486.4524 4.3920 32.4680 6.6040 5.2360 1235.9681
94 0.0000 708.7431 485.0766 6.0390 31.6563 6.0833 5.2360 1242.8342
95 0.0000 674.5129 486.0517 4.5750 25.9744 4.5720 5.2360 1200.9220
96 0.0000 621.2898 501.0395 6.2220 27.5978 6.6040 4.7600 1167.5131
97 0.0000 615.6083 499.5002 4.9410 25.9744 6.9469 5.2360 1158.2068
98 0.0000 568.0891 514.3097 4.2090 26.7861 2.5400 4.2840 1120.2179
99 0.0000 570.7811 516.3130 5.6730 21.1042 3.0480 4.2840 1121.2033
100 0.0000 684.3811 489.3203 4.0260 21.9159 4.1402 5.2360 1209.0195
101 0.0000 688.6868 483.2648 6.4050 38.9616 5.5880 5.7120 1228.6182
102 0.0000 675.7027 488.8092 6.0390 34.0914 5.5880 5.6049 1215.8352
103 0.0000 688.3150 479.6957 4.0260 29.2212 4.0386 5.2360 1210.5325
104 0.0000 635.9174 500.4414 4.7580 19.4808 6.0960 5.2360 1171.9297

Average_Source_Energy: 5586.3112 J
Average_Destination_Energy: 1169.9808 J
Total_Average_Energy: 1380.2822 J
