Host : Inquiry : Relay : Scanning : Src_Connection : Dst_Connection : Delivering : Receiving : Total (J)

0 39497.7596 0.0000 0.0000 33.0720 0.0000 65.2080 0.0000 39596.0396
1 39709.2917 0.0000 0.0000 39.3120 0.0000 92.6640 0.0000 39841.2677
2 39798.4977 0.0000 0.0000 34.9440 0.0000 86.9440 0.0000 39920.3857
3 39583.7390 0.0000 0.0000 40.8720 0.0000 82.3680 0.0000 39706.9790
4 38031.9342 0.0000 0.0000 51.1680 0.0000 104.5616 0.0000 38187.6638
5 0.0000 1710.6674 38969.1666 3.4320 51.1680 3.4320 2.1560 40740.0220
6 0.0000 1613.4898 38886.6036 2.4960 89.5440 2.2880 1.9712 40596.3926
7 0.0000 1999.8277 38670.0418 2.4960 68.2240 4.5760 2.7720 40747.9375
8 0.0000 1891.2621 38710.8488 2.1840 59.6960 2.2880 2.1560 40668.4349
9 0.0000 1468.9571 39272.1823 4.6800 46.9040 6.8640 2.1560 40801.7434
10 0.0000 1572.9675 39274.9344 3.1200 29.8480 8.0080 1.8480 40890.7259
11 0.0000 2078.7845 38649.4485 2.8080 85.2800 1.1440 2.7720 40820.2370
12 0.0000 2158.5954 38591.9391 2.1840 81.0160 3.4320 2.7720 40839.9385
13 0.0000 1601.0579 39258.3269 0.9360 34.1120 1.1440 1.2320 40896.8088
14 0.0000 1924.8567 38939.1782 1.5600 63.9600 0.3718 2.1560 40932.0827
15 0.0000 2429.4400 37777.9818 3.7440 85.2800 5.7200 2.7720 40304.9378
16 0.0000 1256.0964 39359.0158 3.1200 55.4320 3.4320 1.5400 40678.6362
17 0.0000 2077.4559 38391.4154 1.8720 115.1280 1.1440 2.4640 40589.4793
18 0.0000 1727.3698 38986.5333 0.6240 34.1120 1.1440 2.1560 40751.9391
19 0.0000 1184.3520 39537.9023 3.1200 51.1680 5.7200 1.5400 40783.8023
20 0.0000 1638.2587 39217.9944 0.9360 68.2240 0.0000 1.8480 40927.2611
21 0.0000 2270.7672 38351.7472 4.3680 85.2800 5.7200 2.7720 40720.6544
22 0.0000 1338.2798 39556.6925 2.1840 29.8480 2.2880 1.5400 40930.8323
23 0.0000 1416.5723 39242.0990 3.4320 42.6400 5.7200 1.8480 40712.3113
24 0.0000 1773.0167 38919.0594 2.8080 81.0160 2.2880 2.1560 40780.3441
25 0.0000 1611.3071 39241.2449 1.2480 72.4880 1.1440 1.9481 40929.3801
26 0.0000 1039.2499 39838.5455 2.8080 34.1120 4.5760 1.2320 40920.5234
27 0.0000 1075.7864 39811.7837 0.9360 59.6960 1.1440 1.2320 40950.5781
28 0.0000 1610.7377 39214.7678 2.4960 68.2240 4.5760 1.8480 40902.6495
29 0.0000 1083.2835 39788.6281 0.9360 59.6960 1.1440 1.2320 40934.9196
30 0.0000 2595.5150 38045.3151 2.1840 89.5440 3.4320 3.0800 40739.0701
31 0.0000 1449.8822 39227.1997 1.5600 68.2240 2.2880 1.8480 40751.0019
32 0.0000 2014.2525 38668.6183 4.0560 55.4320 10.2960 2.4640 40755.1188
33 0.0000 1438.2095 39225.3017 3.4320 42.6400 4.5760 1.8480 40716.0072
34 0.0000 1616.6215 38875.8799 3.4320 68.2240 5.7200 2.1560 40572.0334
35 0.0000 1602.2916 39085.8936 1.8720 46.9040 2.2022 1.8480 40741.0114
36 0.0000 1917.9290 37194.8213 1.5600 89.5440 4.5760 2.7720 39211.2023
37 0.0000 1581.0340 39183.0712 0.9360 76.7520 0.0000 2.3100 40844.1032
38 0.0000 1018.0872 39700.1813 2.1840 68.2240 5.7200 1.2320 40795.6285
39 0.0000 1632.5647 37550.0320 1.2480 85.2800 1.1440 3.0800 39273.3487
40 0.0000 1257.8995 39457.5220 2.4960 63.9600 4.5760 1.8480 40788.3015
41 0.0000 1715.7920 39153.6522 1.8720 46.9040 2.2880 2.4640 40922.9722
42 0.0000 2435.7983 38381.6407 3.4320 51.1680 11.4400 2.7720 40886.2510
43 0.0000 1646.5150 39239.5367 1.2480 46.9040 3.4320 1.8480 40939.4837
44 0.0000 1865.1646 38898.3712 4.0560 46.9040 5.7200 2.1560 40822.3718
45 0.0000 1370.8305 39512.5640 0.9360 51.1680 1.1440 1.5400 40938.1825
46 0.0000 1286.5593 39412.5394 1.8720 93.8080 0.0000 1.8403 40796.6190
47 0.0000 1363.9977 39545.5892 1.5600 29.8480 3.4320 1.5400 40945.9669
48 0.0000 1876.9322 38889.9251 0.3120 68.2240 0.0000 2.1560 40837.5493
49 0.0000 2281.3011 38248.5909 3.4320 68.2240 8.0080 2.7720 40612.3280
50 0.0000 1804.7133 38891.4435 4.0560 63.9600 5.7200 2.1560 40772.0488
51 0.0000 2165.6180 38665.7713 2.8080 68.2240 5.7200 2.4640 40910.6053
52 0.0000 1344.6381 39490.0727 2.1840 34.1120 1.1440 1.8480 40873.9988
53 0.0000 1207.9821 39222.4547 3.4320 55.4320 4.5760 2.4640 40496.3408
54 0.0000 1535.0075 39268.0067 2.1840 42.6400 3.4320 1.8480 40853.1182
55 0.0000 1395.1249 39556.3129 0.3120 25.5840 0.0000 1.5400 40978.8738
56 0.0000 1752.1387 38905.7734 3.1200 85.2800 5.7200 2.1560 40754.1881
57 0.0000 1486.6085 39183.9253 2.4960 29.8480 1.1440 1.8480 40705.8698
58 0.0000 1829.7669 38773.8624 2.1840 46.9040 1.1440 2.1560 40656.0173
59 0.0000 2267.0661 38394.7369 4.6800 68.2240 6.8640 3.0800 40744.6510
60 0.0000 2099.1880 38523.6111 3.4320 76.7520 2.2880 2.4640 40707.7351
61 0.0000 1804.8082 38872.5584 3.1200 51.1680 1.1440 2.1560 40734.9546
62 0.0000 1333.3450 39520.9152 1.5600 42.6400 1.1440 1.5400 40901.1442
63 0.0000 1408.1262 39435.8848 1.5600 46.9040 2.2880 1.8480 40896.6110
64 0.0000 1635.7913 39115.9769 1.2480 93.8080 1.8018 1.8480 40850.4740
65 0.0000 2315.8447 38393.9777 4.3680 46.9040 7.9794 2.7720 40771.8458
66 0.0000 769.1645 40013.0666 1.8720 38.3760 4.5760 0.9240 40827.9791
67 0.0000 1841.1549 38931.0168 2.8080 63.9600 5.7200 2.1560 40846.8157
68 0.0000 1893.6346 38799.1058 2.1840 46.9040 4.5760 2.1560 40748.5604
69 0.0000 832.1781 40097.2429 0.3120 38.3760 0.0000 0.9240 40969.0330
70 0.0000 2130.0305 38372.2456 1.2480 81.0160 2.2880 2.4640 40589.2921
71 0.0000 2305.5006 38379.0784 3.7440 59.6960 3.4320 2.7720 40754.2230
72 0.0000 2089.7929 38642.8055 4.0560 85.2800 4.5760 2.4640 40828.9744
73 0.0000 2110.1015 38620.4091 3.4320 68.2240 4.5760 2.4640 40809.2066
74 0.0000 2039.5908 38632.9359 2.8080 76.7520 6.8640 2.4640 40761.4147
75 0.0000 1793.8947 38971.5391 4.3680 46.9040 3.4320 2.1560 40822.2938
76 0.0000 1317.3069 39452.5872 2.1840 55.4320 6.8640 1.5400 40835.9141
77 0.0000 2170.7426 38525.2244 2.8080 85.2800 1.1440 2.4640 40787.6630
78 0.0000 1876.1730 38952.6540 2.1840 63.9600 5.7200 2.1560 40902.8470
79 0.0000 2061.7025 38591.4646 2.8080 76.7520 2.2880 2.4640 40737.4791
80 0.0000 1754.7959 38933.5791 3.7440 68.2240 9.1520 2.1560 40771.6510
81 0.0000 1861.8431 38848.5487 2.4960 51.1680 2.2880 2.1560 40768.4998
82 0.0000 1604.4743 39242.8582 0.9360 59.6960 1.1440 1.8480 40910.9565
83 0.0000 1293.0125 39374.0100 1.2480 76.7520 0.0000 1.5400 40746.5625
84 0.0000 2432.2870 38275.2578 1.2480 98.0720 2.2880 2.7720 40811.9248
85 0.0000 1374.0571 39547.6770 1.2480 29.8480 2.2880 1.5400 40956.6581
86 0.0000 1103.3074 39828.9606 0.9360 29.8480 1.1440 1.2320 40965.4280
87 0.0000 1455.3864 39205.3727 3.7440 42.6400 5.7200 1.8480 40714.7111
88 0.0000 1828.9128 38980.6495 2.8080 29.8480 2.2880 2.1560 40846.6623
89 0.0000 1188.3378 39459.3251 1.8720 46.9040 2.2880 1.5400 40700.2669
90 0.0000 1983.5049 38588.5227 3.4320 46.9040 5.7200 2.4640 40630.5476
91 0.0000 1068.5740 39732.9218 1.8720 55.4320 0.0000 1.8480 40860.6478
92 0.0000 1246.3217 39540.0850 1.2480 38.3760 1.1440 1.5400 40828.7147
93 0.0000 1728.6984 38970.9697 3.1200 42.6400 2.2880 2.1560 40749.8721
94 0.0000 2003.8135 38543.3503 3.1200 81.0160 2.2880 2.7720 40636.3598
95 0.0000 2119.7813 38667.8591 2.4960 63.9600 4.5760 2.4640 40861.1364
96 0.0000 1290.9247 39548.6260 0.9360 42.6400 1.1440 1.5400 40885.8107
97 0.0000 1114.5056 39822.0329 0.3120 34.1120 1.1440 1.2320 40973.3385
98 0.0000 1303.9260 39521.1999 0.9360 46.9040 0.0000 1.5400 40874.5059
99 0.0000 1462.9784 39229.2875 1.8720 46.9040 1.1440 1.8480 40744.0339
100 0.0000 1677.0728 38868.5726 4.3680 98.0720 6.8640 2.4640 40657.4134
101 0.0000 2323.4367 38372.2456 2.4960 76.7520 5.7200 2.7720 40783.4223
102 0.0000 1035.5488 39731.5932 0.3120 38.3760 0.0000 1.2320 40807.0620
103 0.0000 1575.1502 39221.9802 1.5600 59.6960 1.1440 1.8480 40861.3784
104 0.0000 988.3835 39835.6985 0.9360 29.8480 1.1440 1.2320 40857.2420

Average_Source_Energy: 39450.4672 J
Average_Destination_Energy: 40766.7610 J
Total_Average_Energy: 40704.0804 J
