Host : Encounters

0 662888
1 630334
2 670409
3 701131
4 757662
5 705503
6 770741
7 699907
8 698740
9 720880
10 679333
11 706692
12 692639
13 669186
14 692445
15 701672
16 703603
17 712127
18 648435
19 675600
20 736489
21 676813
22 677548
23 711579
24 711880
25 689032
26 699397
27 657099
28 640082
29 698313
30 729054
31 670961
32 708316
33 731933
34 750129
35 677312
36 737643
37 675494
38 700242
39 673154
40 691759
41 694134
42 672343
43 704145
44 681597
45 695173
46 712239
47 723225
48 676958
49 715623
50 700975
51 707537
52 704170
53 738178
54 683898
55 651542
56 716961
57 716549
58 702426
59 704008
60 734206
61 711669
62 662593
63 706716
64 730212
65 738899
66 662469
67 705881
68 673546
69 705918
70 687828
71 656553
72 678046
73 715830
74 679148
75 673313
76 655915
77 651859
78 719444
79 693304
80 709119
81 749708
82 678027
83 645713
84 709590
85 666978
86 658607
87 754271
88 733596
89 665543
90 726031
91 685122
92 736018
93 709535
94 748129
95 715659
96 668398
97 709594
98 676282
99 721990
100 722344
101 690263
102 703678
103 672339
104 703371

Top 5 hosts with most encounters
Host : Encounters
6 770741
4 757662
87 754271
34 750129
81 749708
