Host : Inquiry : Relay : Scanning : Src_Connection : Dst_Connection : Delivering : Receiving : Total (J)

0 5615.9266 0.0000 0.0000 20.1300 0.0000 32.7025 0.0000 5668.7591
1 5444.3128 0.0000 0.0000 23.9730 0.0000 38.9636 0.0000 5507.2494
2 5542.9100 0.0000 0.0000 27.6330 0.0000 42.3291 0.0000 5612.8721
3 5559.8610 0.0000 0.0000 23.6070 0.0000 41.1480 0.0000 5624.6160
4 5602.2318 0.0000 0.0000 20.1300 0.0000 31.9405 0.0000 5654.3023
5 0.0000 144.2681 604.1377 2.1960 10.5521 3.0480 2.8560 767.0579
6 0.0000 153.2068 595.6709 2.3790 15.4223 3.0480 3.8080 773.5350
7 0.0000 106.4684 613.6813 1.0980 7.3053 1.0160 2.3800 731.9489
8 0.0000 150.2991 604.6547 0.9150 11.3638 1.5240 3.3320 772.0886
9 0.0000 171.1139 592.5113 1.8300 16.2340 1.5240 3.3320 786.5452
10 0.0000 120.2556 609.3875 0.9150 8.9287 0.0000 2.8560 742.3428
11 0.0000 139.3377 601.2977 1.6470 14.6106 2.8194 3.3320 763.0444
12 0.0000 164.1384 595.4735 2.9280 13.7989 2.5400 4.8195 783.6983
13 0.0000 168.6970 590.8733 2.0130 21.1042 2.5400 4.2840 789.5115
14 0.0000 145.8521 604.7696 1.8300 8.9287 1.5240 3.3320 766.2364
15 0.0000 96.4068 615.3281 0.5490 11.3638 0.5080 2.3800 726.5357
16 0.0000 146.7370 592.5216 2.1960 9.7404 3.0480 3.8080 758.0510
17 0.0000 209.1813 590.3092 1.8300 17.0457 2.5400 4.7600 825.6662
18 0.0000 202.8603 589.9144 2.3790 12.9872 3.5560 4.7600 816.4569
19 0.0000 171.8203 597.0526 0.5490 12.9872 1.0160 3.8080 787.2331
20 0.0000 138.3561 603.2038 1.4640 12.1755 0.5080 3.3320 759.0394
21 0.0000 163.5658 600.1562 1.2810 10.5521 0.5080 3.8080 779.8711
22 0.0000 152.1508 598.0675 1.8300 11.3638 2.0320 3.8080 769.2520
23 0.0000 94.9790 613.8462 0.7320 6.4936 0.5080 2.6418 719.2006
24 0.0000 149.2134 604.8329 1.2810 8.9287 1.5240 3.3320 769.1120
25 0.0000 106.4312 613.6385 0.5490 9.7404 1.0160 2.3800 733.7551
26 0.0000 149.0795 604.5059 1.0980 11.3638 2.0320 3.3320 771.4113
27 0.0000 78.2097 612.8976 2.0130 9.7404 2.5400 1.9040 707.3047
28 0.0000 179.0263 595.1568 1.8300 13.7989 2.8194 4.2840 796.9154
29 0.0000 151.1394 604.3940 0.9150 10.5521 1.0160 3.3320 771.3485
30 0.0000 152.2103 599.1987 1.4640 9.7404 1.5240 3.8080 767.9454
31 0.0000 118.4709 607.8128 1.0980 9.7404 0.0000 3.3320 740.4541
32 0.0000 181.0490 595.9242 1.6470 9.7404 2.5400 3.8080 794.7087
33 0.0000 162.7032 599.4064 1.4640 17.0457 3.5560 4.2840 788.4593
34 0.0000 86.9550 616.0395 0.1830 10.5521 0.0000 1.9040 715.6336
35 0.0000 105.4868 613.8757 1.2810 5.6819 0.3810 2.8084 729.5147
36 0.0000 106.6320 613.3660 0.7320 10.5521 1.5240 2.8560 735.6621
37 0.0000 148.4028 604.5442 1.4640 9.7404 3.0480 3.3320 770.5314
38 0.0000 43.9200 627.5275 0.0000 1.6234 0.0000 0.9520 674.0228
39 0.0000 101.5380 613.8094 1.2810 6.4936 0.5080 2.3800 726.0100
40 0.0000 130.6444 609.3698 0.5490 6.4936 0.5080 2.8560 750.4208
41 0.0000 83.4375 616.1957 0.9150 7.3053 0.5080 1.9040 710.2655
42 0.0000 128.0788 609.3742 0.9150 8.1170 2.5400 3.3320 752.3570
43 0.0000 125.2604 607.3547 1.4640 16.2340 0.5080 2.8560 753.6771
44 0.0000 182.6851 595.6296 1.0980 15.4223 1.5240 4.7600 801.1190
45 0.0000 141.4571 604.9935 1.2810 8.9287 1.5240 3.3320 761.5163
46 0.0000 131.8045 604.6208 1.4640 9.7404 1.0160 3.3320 751.9778
47 0.0000 139.2708 604.9640 1.8300 8.9287 2.0320 3.5938 760.6193
48 0.0000 64.7868 623.0466 0.3660 2.4351 1.0160 0.9520 692.6025
49 0.0000 133.1803 604.6606 2.0130 9.7404 1.5240 3.3320 754.4503
50 0.0000 129.7149 608.7968 0.7320 9.7404 0.5080 2.8560 752.3481
51 0.0000 41.5998 627.4170 0.7320 3.2468 1.5240 1.4280 675.9476
52 0.0000 125.0596 601.7455 2.1960 12.9872 2.5400 3.3320 747.8604
53 0.0000 148.6705 604.5413 1.0980 8.9287 2.0320 3.3320 768.6025
54 0.0000 108.1788 613.3646 0.7320 8.9287 0.0000 2.3800 733.5840
55 0.0000 125.3125 609.2799 1.8300 8.9287 3.0480 2.8560 751.2551
56 0.0000 93.6627 612.4277 1.4640 8.1170 1.0160 2.3800 719.0675
57 0.0000 99.1062 612.7297 1.0980 9.7404 0.5080 2.3800 725.5623
58 0.0000 113.5405 596.6534 1.0980 16.2340 0.5080 3.3320 731.3659
59 0.0000 165.8934 600.0545 1.0980 14.6106 1.0160 3.8080 786.4806
60 0.0000 129.1274 607.0645 0.9150 12.9872 1.5240 2.3800 753.9981
61 0.0000 116.8646 608.8940 2.0130 12.1755 1.0160 2.8560 743.8191
62 0.0000 82.1436 618.4508 1.0980 5.6819 1.0160 1.9040 710.2943
63 0.0000 97.6338 613.6930 1.8300 8.9287 2.5400 3.3320 727.9576
64 0.0000 147.7930 602.7354 0.9150 12.1755 0.5080 3.3320 767.4589
65 0.0000 129.8339 607.2575 0.5490 11.3638 0.5080 2.8560 752.3682
66 0.0000 142.2751 604.7932 1.4640 8.9287 2.0320 3.3320 762.8250
67 0.0000 144.0822 604.8300 1.2810 8.9287 1.0160 3.3320 763.4699
68 0.0000 94.4138 614.0893 0.7320 4.8702 0.5080 2.3800 716.9933
69 0.0000 68.3414 610.5541 0.9150 17.0457 1.0160 1.9040 699.7762
70 0.0000 159.4237 599.9971 2.3790 14.6106 3.5560 3.8080 783.7744
71 0.0000 140.1632 603.1081 1.4640 12.1755 1.0160 3.3320 761.2587
72 0.0000 166.4884 597.6727 1.8300 21.9159 1.5240 3.8080 793.2390
73 0.0000 128.3094 609.4758 0.7320 7.3053 0.5080 2.8560 749.1865
74 0.0000 144.2607 598.2884 0.9150 13.7989 2.5400 3.3320 763.1350
75 0.0000 162.0116 599.8822 1.8300 12.9872 2.5400 3.8080 783.0590
76 0.0000 165.2316 598.8747 2.1960 18.6691 1.0160 3.8080 789.7954
77 0.0000 118.3668 609.3624 1.0980 9.7404 2.5400 2.8560 743.9636
78 0.0000 147.1088 604.9876 1.2810 8.9287 1.0160 3.7604 767.0826
79 0.0000 144.9523 603.1287 2.1960 8.9287 3.0480 3.3320 765.5856
80 0.0000 121.9363 595.2805 1.8300 16.2340 3.0480 3.7961 742.1249
81 0.0000 151.9054 588.0157 0.3660 17.0457 0.0000 3.3320 760.6648
82 0.0000 121.8694 609.3742 2.0130 7.3053 2.0320 2.8560 745.4499
83 0.0000 141.9479 603.1552 1.2810 9.7404 2.5400 3.3320 761.9965
84 0.0000 145.7926 604.1951 1.2810 12.1755 0.5080 3.3320 767.2842
85 0.0000 158.1967 599.4771 2.0130 16.2340 1.5240 3.8080 781.2528
86 0.0000 99.0393 613.9037 0.9150 8.9287 1.0160 3.3320 727.1347
87 0.0000 132.4812 607.9086 0.9150 8.1170 0.0000 3.5105 752.9323
88 0.0000 147.8599 605.1320 1.2810 7.3053 1.5240 3.3320 766.4342
89 0.0000 134.2437 605.0289 0.7320 8.9287 1.0160 3.3320 753.2813
90 0.0000 129.5066 602.5454 0.5490 8.9287 0.0000 3.3320 744.8617
91 0.0000 126.3982 609.3727 1.0980 9.7404 2.0320 2.8560 751.4973
92 0.0000 55.4391 620.4806 0.5490 12.1755 0.5080 1.4280 690.5802
93 0.0000 148.0830 604.6694 1.2810 10.5521 1.5240 3.3320 769.4416
94 0.0000 114.5816 606.9762 0.7320 8.9287 1.0160 2.8560 735.0905
95 0.0000 108.7365 608.6966 1.0980 8.1170 2.5400 2.7608 731.9489
96 0.0000 95.8119 613.5634 1.4640 8.1170 1.0160 2.3800 722.3523
97 0.0000 166.9048 599.7246 1.8300 12.1755 2.5400 3.8080 786.9829
98 0.0000 140.6614 604.2113 1.8300 13.7989 2.5400 3.8080 766.8496
99 0.0000 148.5961 604.6783 0.5490 12.9872 1.0160 2.8560 770.6826
100 0.0000 56.3241 623.0466 0.7320 3.2468 1.5240 1.4280 686.3014
101 0.0000 112.7820 607.4019 1.2810 8.1170 1.0160 2.8560 733.4538
102 0.0000 142.6023 604.1524 0.5490 12.9872 0.0000 3.3320 763.6229
103 0.0000 120.7167 597.1174 1.8300 14.6106 0.5080 2.8560 737.6387
104 0.0000 148.4995 598.3547 2.1960 20.2925 3.0480 3.8080 776.1987

Average_Source_Energy: 5613.5598 J
Average_Destination_Energy: 753.1628 J
Total_Average_Energy: 984.6103 J
