Host : Inquiry : Relay : Scanning : Src_Connection : Dst_Connection : Delivering : Receiving : Total (J)

0 29385.1207 0.0000 0.0000 58.0320 0.0000 2.0020 0.0000 29445.1547
1 30819.8189 0.0000 0.0000 56.7840 0.0000 1.8876 0.0000 30878.4905
2 27559.5294 0.0000 0.0000 73.0080 0.0000 2.3452 0.0000 27634.8826
3 30003.0146 0.0000 0.0000 62.0880 0.0000 2.0306 0.0000 30067.1332
4 29307.3976 0.0000 0.0000 64.5840 0.0000 2.1164 0.0000 29374.0980
5 0.0000 1251.8259 37084.4526 4.3680 102.3360 0.1716 0.0616 38443.2157
6 0.0000 1390.7595 37452.9493 3.7440 110.8640 0.0858 0.0693 38958.4719
7 0.0000 1057.2809 38675.3562 2.4960 76.7520 0.0858 0.0462 39812.0171
8 0.0000 1352.9893 37267.7994 7.4880 127.9200 0.1144 0.0770 38756.3881
9 0.0000 1141.8368 38006.1214 4.6800 85.2800 0.0000 0.0616 39237.9798
10 0.0000 603.2793 38676.4001 4.6800 63.9600 0.0572 0.0462 39348.4228
11 0.0000 903.3531 36515.5271 6.2400 127.9200 0.2574 0.0693 37553.3669
12 0.0000 1200.6748 34049.2659 4.3680 166.2960 0.1144 0.0770 35420.7961
13 0.0000 1467.4387 36871.4021 4.6800 140.7120 0.0572 0.0693 38484.3593
14 0.0000 1230.6632 37046.8722 5.3040 132.1840 0.1144 0.0616 38415.1994
15 0.0000 1197.5431 37261.4411 4.9920 115.1280 0.0286 0.0693 38579.2021
16 0.0000 332.7194 37015.6501 4.9920 72.4880 0.1144 0.0539 37426.0178
17 0.0000 1230.5683 37608.5853 4.3680 115.1280 0.1144 0.0616 38958.8256
18 0.0000 918.8218 36122.5462 6.2400 123.6560 0.2288 0.0770 37171.5698
19 0.0000 812.7236 37938.0781 3.7440 63.9600 0.1144 0.0462 38818.6663
20 0.0000 781.9760 38690.6351 4.0560 76.7520 0.0572 0.0462 39553.5225
21 0.0000 939.9845 37481.4193 1.8720 110.8640 0.0858 0.0539 38534.2795
22 0.0000 1160.4372 37437.9551 0.9360 110.8640 0.0286 0.0539 38710.2748
23 0.0000 1706.7765 37394.5858 4.9920 85.2800 0.1430 0.0770 39191.8543
24 0.0000 1583.5014 37347.9899 7.4880 98.0720 0.2002 0.0847 39037.3362
25 0.0000 1486.3238 37609.9139 5.6160 89.5440 0.2574 0.0770 39191.7321
26 0.0000 1031.4681 36615.8364 8.1120 123.6560 0.2574 0.0770 37779.4069
27 0.0000 1014.6708 37098.1182 2.1840 98.0720 0.0286 0.0539 38213.1275
28 0.0000 1034.0304 37988.2802 4.9920 119.3920 0.2574 0.0616 39147.0136
29 0.0000 979.7476 36998.8528 5.9280 106.6000 0.1716 0.0539 38091.3539
30 0.0000 1210.0699 36446.0603 4.6800 106.6000 0.1430 0.0693 37767.6225
31 0.0000 1701.0825 36247.1499 5.3040 149.2400 0.0858 0.0847 38102.9469
32 0.0000 1302.0280 37990.4629 5.3040 89.5440 0.2860 0.0616 39387.6865
33 0.0000 550.5149 37698.5505 7.1760 106.6000 0.1430 0.0616 38363.0460
34 0.0000 1215.8588 37034.0607 3.7440 153.5040 0.1430 0.0616 38407.3721
35 0.0000 1311.7078 38114.4023 5.6160 110.8640 0.1430 0.0616 39542.7947
36 0.0000 1514.6040 36146.2712 6.2400 132.1840 0.4290 0.0847 37799.8129
37 0.0000 1323.9499 37584.7654 4.9920 98.0720 0.1430 0.0693 39011.9916
38 0.0000 1079.5824 38476.4458 3.7440 81.0160 0.0858 0.0539 39640.9279
39 0.0000 1247.5554 36688.4349 4.6800 200.4080 0.1430 0.0693 38141.2906
40 0.0000 981.0762 37395.9144 4.3680 115.1280 0.1430 0.0539 38496.6835
41 0.0000 1243.0951 38204.5573 4.9920 102.3360 0.2288 0.0539 39555.2631
42 0.0000 1327.4612 37503.7208 4.0560 110.8640 0.1716 0.0539 38946.3275
43 0.0000 1287.9828 37778.4563 4.0560 72.4880 0.1716 0.0616 39143.2163
44 0.0000 1378.1378 36881.2717 5.6160 119.3920 0.0572 0.0770 38384.5517
45 0.0000 1028.0517 38709.8049 4.3680 63.9600 0.0858 0.0539 39806.3243
46 0.0000 1027.0078 36224.8484 2.8080 119.3920 0.0858 0.0539 37374.1959
47 0.0000 1313.5109 38795.4996 2.8080 51.1680 0.0000 0.0539 40163.0404
48 0.0000 999.6766 37195.9601 6.5520 162.0320 0.0572 0.0693 38364.3472
49 0.0000 1496.0036 37488.0623 4.0560 115.1280 0.0572 0.0693 39103.3764
50 0.0000 1140.9827 37289.7213 6.2400 144.9760 0.2288 0.0770 38582.2258
51 0.0000 1071.3261 36602.1708 4.6800 115.1280 0.2002 0.0616 37793.5667
52 0.0000 1491.7331 36865.0438 4.6800 149.2400 0.1716 0.0693 38510.9378
53 0.0000 1093.0582 37306.3288 2.8080 136.4480 0.0572 0.0539 38538.7541
54 0.0000 738.1322 37509.9842 4.3680 63.9600 0.1144 0.0539 38316.6127
55 0.0000 1625.9217 37441.3715 4.9920 89.5440 0.2860 0.0770 39162.1922
56 0.0000 1244.3288 35848.1903 5.3040 115.1280 0.1430 0.0693 37213.1634
57 0.0000 1473.1327 37299.4011 4.3680 127.9200 0.1716 0.0693 38905.0627
58 0.0000 1431.1869 36653.2270 7.8000 110.8640 0.2574 0.0693 38203.4046
59 0.0000 1243.7594 37169.1034 9.9840 89.5440 0.2002 0.0770 38512.6680
60 0.0000 1363.3334 36737.0237 6.5520 106.6000 0.2288 0.0770 38213.8149
61 0.0000 712.7939 37377.2191 4.9920 127.9200 0.0858 0.0616 38223.0724
62 0.0000 1226.8672 35227.3545 3.7440 127.9200 0.1716 0.0693 36586.1266
63 0.0000 1232.8459 37584.8603 3.7440 102.3360 0.1430 0.0616 38923.9908
64 0.0000 1193.9369 36944.3802 7.8000 89.5440 0.1716 0.0770 38235.9097
65 0.0000 735.5699 37908.9438 6.2400 85.2800 0.1430 0.0539 38736.2306
66 0.0000 1391.5187 36215.3584 5.9280 170.5600 0.1716 0.0693 37783.6060
67 0.0000 1473.7970 36881.9360 3.4320 98.0720 0.0858 0.0693 38457.3921
68 0.0000 1373.3928 37286.7794 6.8640 76.7520 0.2002 0.0693 38744.0577
69 0.0000 1593.4659 36225.2280 4.9920 115.1280 0.0858 0.0770 37938.9767
70 0.0000 1236.4521 37296.8388 4.6800 132.1840 0.2002 0.0693 38670.4244
71 0.0000 1379.5613 34637.4561 4.3680 157.7680 0.1144 0.0770 36179.3448
72 0.0000 1165.5618 38671.8449 1.8720 76.7520 0.1144 0.0462 39916.1913
73 0.0000 1468.6724 36981.0116 6.2400 106.6000 0.2288 0.0693 38562.8221
74 0.0000 1417.4264 36611.4710 5.3040 136.4480 0.2002 0.0770 38170.9266
75 0.0000 1199.6309 37195.6754 4.6800 132.1840 0.0286 0.0693 38532.2682
76 0.0000 1958.1666 36606.5362 4.0560 162.0320 0.0858 0.0847 38730.9613
77 0.0000 916.1646 37680.3297 4.9920 102.3360 0.1430 0.0616 38704.0269
78 0.0000 1092.2990 35629.6356 5.9280 115.1280 0.0858 0.0693 36843.1457
79 0.0000 1010.4952 37731.1012 4.0560 102.3360 0.1144 0.0616 38848.1644
80 0.0000 1527.9849 36904.8069 4.6800 174.8240 0.1430 0.0770 38612.5158
81 0.0000 912.1788 38192.3152 4.0560 81.0160 0.0858 0.0539 39189.7057
82 0.0000 1423.4051 37054.2744 4.9920 123.6560 0.1716 0.0770 38606.5761
83 0.0000 919.1065 38319.9557 3.1200 46.9040 0.0572 0.0539 39289.1973
84 0.0000 560.6692 37959.3357 3.4320 68.2240 0.1144 0.0462 38591.8215
85 0.0000 1187.2939 40752.0529 3.1200 102.3360 0.0858 0.0616 42044.9502
86 0.0000 898.1336 37531.6214 7.8000 76.7520 0.1430 0.0693 38514.5193
87 0.0000 1295.0054 36854.5099 5.3040 72.4880 0.1430 0.0693 38227.5196
88 0.0000 1181.5999 37766.3091 4.3680 98.0720 0.1716 0.0616 39050.5822
89 0.0000 1113.4617 38251.9124 4.3680 76.7520 0.0858 0.0539 39446.6338
90 0.0000 4678.1904 36383.0467 4.6800 144.9760 0.1144 0.0770 41211.0845
91 0.0000 1043.0459 35545.8389 9.0480 106.6000 0.2860 0.0847 36704.9035
92 0.0000 1085.5611 35727.0030 7.8000 115.1280 0.2002 0.0693 36935.7616
93 0.0000 1361.3405 37496.7931 3.7440 106.6000 0.0858 0.0770 38968.6404
94 0.0000 911.7992 38425.0100 3.7440 42.6400 0.1144 0.0539 39383.3615
95 0.0000 897.6591 36368.2423 6.8640 98.0720 0.1716 0.0616 37371.0706
96 0.0000 826.5790 37510.6485 5.9280 119.3920 0.2574 0.0616 38462.8665
97 0.0000 1309.4302 37351.3114 7.1760 136.4480 0.2860 0.0770 38804.7286
98 0.0000 1715.6022 36864.9489 7.1760 140.7120 0.1716 0.0847 38728.6954
99 0.0000 793.5538 37677.6725 4.9920 123.6560 0.0858 0.0539 38600.0140
100 0.0000 1206.4637 38300.6910 5.3040 81.0160 0.1430 0.0693 39593.6870
101 0.0000 1324.0448 35915.1897 1.5600 149.2400 0.0572 0.0693 37390.1610
102 0.0000 1232.2765 38292.5296 2.4960 89.5440 0.1144 0.0462 39617.0067
103 0.0000 1648.6028 35754.9985 3.1200 127.9200 0.0286 0.0770 37534.7469
104 0.0000 1263.7833 35957.7998 6.2400 183.3520 0.1430 0.0770 37411.3951

Average_Source_Energy: 29479.9518 J
Average_Destination_Energy: 38553.6940 J
Total_Average_Energy: 38121.6111 J
