Host : Inquiry : Relay : Scanning : Src_Connection : Dst_Connection : Delivering : Receiving : Total (J)

0 5509.3564 0.0000 0.0000 27.8160 0.0000 43.0657 0.0000 5580.2381
1 5512.6260 0.0000 0.0000 28.3650 0.0000 47.2440 0.0000 5588.2350
2 5488.1442 0.0000 0.0000 26.3520 0.0000 39.9669 0.0000 5554.4631
3 5587.1702 0.0000 0.0000 22.1430 0.0000 38.6080 0.0000 5647.9212
4 5567.0434 0.0000 0.0000 20.4960 0.0000 32.2453 0.0000 5619.7847
5 0.0000 199.1049 591.4360 2.9280 12.9872 4.0640 4.7600 815.2801
6 0.0000 146.1198 597.2043 2.1960 14.6106 3.0480 3.8080 766.9867
7 0.0000 125.1786 607.9454 1.8300 13.7989 2.0320 2.8560 753.6409
8 0.0000 129.6479 609.0163 0.7320 8.9287 0.5080 2.3800 751.2129
9 0.0000 130.9419 606.7803 0.3660 16.2340 1.0160 3.4034 758.7415
10 0.0000 109.2719 613.3204 0.1830 8.9287 0.5080 2.3800 734.5920
11 0.0000 146.4470 599.8027 1.0980 16.2340 1.5240 4.2840 769.3896
12 0.0000 151.5856 600.0280 2.0130 13.7989 1.5240 4.2840 773.2335
13 0.0000 70.2526 615.0497 0.5490 8.9287 1.0160 1.9040 697.7000
14 0.0000 140.2226 599.7202 2.7450 14.6106 2.5400 4.2840 764.1224
15 0.0000 81.2661 618.3374 0.7320 6.4936 0.0000 1.9040 708.7331
16 0.0000 134.8832 604.2143 2.1960 12.9872 4.0640 3.3320 761.6767
17 0.0000 164.8449 598.0439 2.0130 21.1042 2.5400 4.2840 792.8300
18 0.0000 93.2686 613.8271 0.9150 5.6819 1.0160 2.3800 717.0886
19 0.0000 124.1598 609.1577 2.3790 8.9287 1.0160 3.3320 748.9732
20 0.0000 157.1407 595.3071 1.6470 18.6691 2.0320 4.2602 779.0560
21 0.0000 150.3512 601.8973 1.0980 9.7404 1.5240 3.3320 767.9428
22 0.0000 187.6378 595.4396 1.0980 18.6691 0.5080 4.2840 807.6365
23 0.0000 123.1856 603.0285 2.0130 13.7989 3.0480 3.3320 748.4060
24 0.0000 122.0553 609.3948 1.8300 5.6819 2.0320 2.8560 743.8500
25 0.0000 125.0671 607.9601 0.7320 16.2340 0.2540 3.3320 753.5792
26 0.0000 141.3530 603.6398 2.0130 8.9287 3.0480 3.3320 762.3145
27 0.0000 66.2518 618.1769 1.0980 7.3053 2.1717 1.9040 696.9076
28 0.0000 92.3836 610.7927 0.5490 10.5521 0.0000 2.3800 716.6574
29 0.0000 102.3709 611.8430 0.7320 7.3053 0.5080 2.3800 725.1391
30 0.0000 96.1391 614.0480 1.0980 6.4936 1.0160 2.8560 721.6507
31 0.0000 131.4699 604.5884 1.8300 12.1755 1.0160 3.8080 754.8878
32 0.0000 138.8246 589.2619 2.9280 13.7989 4.5720 3.8080 753.1933
33 0.0000 150.7453 604.6488 1.2810 8.9287 1.5240 3.3320 770.4598
34 0.0000 106.8848 613.8536 0.3660 8.9287 0.0000 2.3800 732.4131
35 0.0000 127.3501 608.2459 1.4640 13.7989 1.0160 2.8560 754.7309
36 0.0000 94.2948 609.0884 1.6470 9.7404 3.0480 2.8560 720.6747
37 0.0000 122.1743 609.1754 1.2810 9.7404 1.0160 3.3320 746.7190
38 0.0000 138.9882 604.8668 1.4640 9.7404 0.0000 3.3320 758.3914
39 0.0000 134.7643 604.4735 1.4640 11.3638 0.5080 3.3320 755.9056
40 0.0000 101.8652 613.7299 0.7320 8.9287 0.5080 2.8560 728.6197
41 0.0000 115.4517 608.6097 1.6470 12.1755 2.0320 2.9036 742.8195
42 0.0000 21.9154 631.8964 0.0000 1.6234 0.0000 0.4760 655.9111
43 0.0000 86.3675 618.4656 0.5490 4.0585 0.5080 1.9040 711.8526
44 0.0000 119.5417 607.3223 2.0130 10.5521 1.0160 2.8560 743.3012
45 0.0000 159.8253 599.7467 1.4640 10.5521 1.5240 3.8080 776.9200
46 0.0000 154.2851 599.1207 1.6470 16.2340 2.0320 3.7961 777.1148
47 0.0000 96.1986 616.1854 0.3660 8.1170 0.5080 2.8560 724.2309
48 0.0000 86.1147 618.1695 0.1830 7.3053 0.5080 1.9040 714.1845
49 0.0000 177.1895 593.9313 2.0130 16.2340 3.5560 4.2840 797.2078
50 0.0000 101.8577 613.8507 1.0980 5.6819 1.0160 2.3800 725.8843
51 0.0000 121.0290 603.8298 1.0980 9.7404 0.0000 2.8560 738.5533
52 0.0000 145.5249 603.5912 1.0980 12.1755 0.5080 3.3320 766.2296
53 0.0000 131.9904 609.2254 0.0000 7.3053 0.0000 2.8560 751.3772
54 0.0000 110.2907 605.3691 1.6470 16.2340 1.0160 2.8560 737.4129
55 0.0000 81.7197 618.1651 0.9150 10.5521 0.5080 1.9040 713.7639
56 0.0000 166.3843 600.3992 2.5620 10.5521 3.5560 4.7600 788.2136
57 0.0000 122.6428 609.2932 1.4640 6.4936 1.5240 2.8560 744.2736
58 0.0000 213.4573 591.3344 1.0980 13.7989 1.0160 4.7600 825.4646
59 0.0000 149.5629 603.1449 0.7320 17.0457 1.0160 3.3320 774.8335
60 0.0000 162.9932 596.2675 1.2810 18.6691 0.5080 3.8080 783.5268
61 0.0000 185.3473 587.4648 2.0130 30.8446 1.5240 4.2840 811.4777
62 0.0000 78.8790 618.0855 0.7320 6.4936 1.5240 1.9040 707.6181
63 0.0000 81.5561 614.7477 0.3660 8.1170 0.5080 2.3800 707.6748
64 0.0000 183.9344 596.1364 2.7450 16.2340 1.0033 4.7600 804.8130
65 0.0000 113.0645 609.4125 1.8300 8.1170 2.0320 2.8560 737.3121
66 0.0000 105.8586 613.1127 0.9150 12.9872 2.0320 2.3800 737.2855
67 0.0000 103.4120 613.6400 2.0130 7.3053 1.0160 2.3800 729.7663
68 0.0000 180.2533 595.2069 1.0980 12.9872 1.0160 4.2840 794.8454
69 0.0000 147.8599 602.7162 0.7320 12.1755 1.0160 3.3320 767.8317
70 0.0000 213.7771 582.4168 2.0130 29.2212 1.0160 6.1880 834.6321
71 0.0000 97.5966 610.9547 0.7320 9.7404 1.5240 2.3800 722.9278
72 0.0000 93.7668 613.9641 1.0980 8.9287 1.0160 2.3800 721.1536
73 0.0000 105.5983 614.0908 1.2810 4.8702 1.0160 2.3800 729.2363
74 0.0000 141.2638 604.5207 0.5490 11.3638 1.0160 3.8080 762.5212
75 0.0000 179.8741 595.2570 2.5620 13.7989 1.0160 4.2840 796.7919
76 0.0000 139.1890 603.7311 0.9150 12.9872 1.0160 3.3320 761.1703
77 0.0000 104.3192 613.6091 1.0980 7.3053 1.5240 2.3800 730.2356
78 0.0000 159.7955 595.0876 2.7450 22.7276 1.0160 5.2360 786.6077
79 0.0000 175.6278 595.3645 1.6470 14.6106 1.5240 4.2840 793.0579
80 0.0000 119.3781 609.3816 1.6470 7.3053 2.5400 2.8560 743.1080
81 0.0000 146.1867 604.5781 1.6470 12.9872 1.5240 3.8080 770.7310
82 0.0000 87.1781 613.6061 1.0980 12.9872 1.5240 2.3800 718.7734
83 0.0000 165.9083 599.8189 2.1960 12.1755 4.0640 3.8080 787.9707
84 0.0000 123.6467 608.6922 1.6470 13.7989 0.5080 2.8560 751.1488
85 0.0000 113.9197 609.2357 1.8300 7.3053 2.0320 2.8560 737.1788
86 0.0000 62.0650 623.0481 1.2810 2.4351 1.0160 1.4280 691.2732
87 0.0000 100.6828 611.2302 1.4640 14.6106 0.0000 2.8560 730.8436
88 0.0000 84.6348 617.2400 0.9150 11.3638 2.0320 1.9040 718.0896
89 0.0000 107.8887 612.3997 0.7320 6.4936 1.0160 3.3320 731.8621
90 0.0000 148.9010 603.3585 1.2810 11.3638 0.5080 3.3320 768.7443
91 0.0000 205.7456 589.9822 1.8300 21.9159 2.5400 4.7600 826.7737
92 0.0000 64.6678 616.6390 0.3660 6.4936 0.0000 1.9040 690.0704
93 0.0000 114.7229 608.9691 1.4640 9.7404 2.5400 2.8560 740.2924
94 0.0000 97.1579 612.1272 1.8300 7.3053 0.0000 2.3800 720.8004
95 0.0000 99.4706 613.7475 0.5490 8.9287 0.0000 2.3800 725.0759
96 0.0000 148.1276 603.2333 0.9150 9.7404 1.5240 3.3320 766.8723
97 0.0000 95.4475 615.6256 0.9150 8.9287 0.5080 2.3800 723.8048
98 0.0000 122.8064 608.7055 1.6470 8.1170 2.0320 2.8560 746.1638
99 0.0000 103.0625 613.0803 0.7320 12.1755 0.5080 2.3800 731.9382
100 0.0000 146.2462 603.2392 0.9150 9.7404 0.5080 3.3320 763.9808
101 0.0000 142.1636 604.6326 1.6470 12.1755 2.5400 3.5700 766.7287
102 0.0000 156.6573 597.2868 2.5620 19.4808 2.5400 4.7600 783.2869
103 0.0000 76.8265 618.3345 0.7320 6.4936 0.5080 1.9040 704.7985
104 0.0000 151.9649 597.8995 1.4640 17.0457 2.5400 4.2840 775.1981

Average_Source_Energy: 5598.1284 J
Average_Destination_Energy: 750.5888 J
Total_Average_Energy: 981.4240 J
