Host : Inquiry : Relay : Scanning : Src_Connection : Dst_Connection : Delivering : Receiving : Total (J)

0 29160.2077 0.0000 0.0000 59.2800 0.0000 1.5730 0.0000 29221.0607
1 30046.6686 0.0000 0.0000 61.7760 0.0000 1.7732 0.0000 30110.2178
2 31795.2011 0.0000 0.0000 57.0960 0.0000 1.7446 0.0000 31854.0417
3 28332.5848 0.0000 0.0000 65.8320 0.0000 2.7170 0.0000 28401.1338
4 29029.9100 0.0000 0.0000 63.9600 0.0000 1.9734 0.0000 29095.8434
5 0.0000 1241.7665 38099.5979 3.4320 59.6960 0.1430 0.0616 39404.6970
6 0.0000 729.2116 38494.3819 6.8640 98.0720 0.2002 0.0539 39328.7836
7 0.0000 1101.2196 37275.1067 5.3040 153.5040 0.1144 0.0616 38535.3103
8 0.0000 875.5474 38122.9433 3.4320 76.7520 0.1430 0.0539 39078.8716
9 0.0000 1288.5522 37381.5845 4.3680 98.0720 0.0858 0.0693 38772.7318
10 0.0000 1139.5592 36485.4438 5.3040 166.2960 0.2288 0.0770 37796.9088
11 0.0000 947.1020 37657.1741 5.3040 119.3920 0.3146 0.0539 38729.3406
12 0.0000 1172.7742 37214.7503 6.5520 85.2800 0.0572 0.0693 38479.4830
13 0.0000 1181.7897 38766.8398 3.4320 68.2240 0.1144 0.0539 40020.4538
14 0.0000 1422.3612 36173.7922 3.1200 115.1280 0.0572 0.0770 37714.5356
15 0.0000 1091.7296 38667.0050 4.6800 51.1680 0.1144 0.0539 39814.7509
16 0.0000 1306.2036 37136.0782 4.0560 119.3920 0.1144 0.0693 38565.9135
17 0.0000 1196.7839 37458.9280 2.1840 123.6560 0.0858 0.0616 38781.6993
18 0.0000 1162.9046 37681.3736 5.9280 89.5440 0.2002 0.0693 38940.0197
19 0.0000 791.1813 37934.8515 2.4960 85.2800 0.0286 0.0539 38813.8913
20 0.0000 1164.9924 38172.6709 4.6800 98.0720 0.1144 0.0616 39440.5913
21 0.0000 873.4596 38915.2634 3.7440 63.9600 0.0572 0.0462 39856.5304
22 0.0000 1284.0919 36241.5508 5.9280 191.8800 0.1144 0.0770 37723.6421
23 0.0000 1528.3645 38182.4456 4.0560 68.2240 0.1430 0.0616 39783.2947
24 0.0000 960.6727 38323.9415 4.9920 59.6960 0.0286 0.0539 39349.3847
25 0.0000 1597.6415 37497.9319 5.3040 140.7120 0.1716 0.0770 39241.8380
26 0.0000 1660.9398 36031.7269 5.9280 136.4480 0.1716 0.0847 37835.2990
27 0.0000 1201.2442 38595.7351 3.1200 55.4320 0.0858 0.0539 39855.6710
28 0.0000 806.3653 36243.5437 6.2400 106.6000 0.2002 0.0616 37163.0108
29 0.0000 1627.9146 36721.4601 2.4960 127.9200 0.0858 0.0770 38479.9535
30 0.0000 986.8651 36810.7610 6.2400 119.3920 0.1716 0.0770 37923.5067
31 0.0000 730.0657 37124.2157 6.2400 98.0720 0.0858 0.0847 37958.7639
32 0.0000 1442.9545 37844.4118 1.8720 93.8080 0.0286 0.0539 39383.1288
33 0.0000 995.8806 37831.9799 4.3680 132.1840 0.0858 0.0616 38964.5599
34 0.0000 978.5139 37242.0815 3.7440 149.2400 0.1430 0.0616 38373.7840
35 0.0000 1063.5443 37787.9463 4.6800 89.5440 0.1430 0.0616 38945.9192
36 0.0000 927.2679 36161.2654 6.2400 149.2400 0.2288 0.0770 37244.3191
37 0.0000 1100.2706 36909.7417 6.8640 127.9200 0.2860 0.0693 38145.1516
38 0.0000 1590.1444 37217.0279 3.7440 119.3920 0.2288 0.0770 38930.6141
39 0.0000 1096.5695 36861.8172 4.6800 136.4480 0.1716 0.0616 38099.7479
40 0.0000 1412.2069 35767.5253 6.2400 123.6560 0.0858 0.0770 37309.7910
41 0.0000 1523.3348 37090.0517 3.4320 127.9200 0.1430 0.0693 38744.9508
42 0.0000 1692.3517 37920.5216 4.3680 106.6000 0.1716 0.0693 39724.0822
43 0.0000 1190.4256 38046.3590 1.8720 89.5440 0.0286 0.0539 39328.2831
44 0.0000 1628.7687 37001.4151 6.2400 136.4480 0.1430 0.0847 38773.0995
45 0.0000 1063.3545 37410.9086 4.9920 132.1840 0.2002 0.0616 38611.7009
46 0.0000 1934.6314 36982.2453 4.3680 127.9200 0.1144 0.0847 39049.3638
47 0.0000 768.3104 38990.9936 5.3040 63.9600 0.2288 0.0462 39828.8430
48 0.0000 1101.4094 37314.1106 3.7440 153.5040 0.1716 0.0616 38573.0012
49 0.0000 1101.7890 36480.0345 5.6160 127.9200 0.1430 0.0539 37715.5564
50 0.0000 731.8688 36931.8534 4.6800 136.4480 0.1716 0.0616 37805.0834
51 0.0000 784.7281 36901.6752 6.8640 123.6560 0.1430 0.0616 37817.1279
52 0.0000 1299.1810 37810.1529 3.7440 98.0720 0.0858 0.0693 39211.3050
53 0.0000 1155.1228 38451.5820 2.1840 59.6960 0.0572 0.0539 39668.6959
54 0.0000 1016.9484 37193.9672 4.6800 102.3360 0.0858 0.0616 38318.0790
55 0.0000 1465.3509 36886.2065 5.6160 127.9200 0.1144 0.0770 38485.2848
56 0.0000 1594.6996 37008.1530 4.6800 123.6560 0.1430 0.0693 38731.4009
57 0.0000 682.3310 37383.9570 6.2400 162.0320 0.1430 0.0693 38234.7723
58 0.0000 1440.4871 37944.5313 5.9280 81.0160 0.2288 0.0693 39472.2605
59 0.0000 1198.8717 37882.0871 6.5520 93.8080 0.1430 0.0693 39181.5311
60 0.0000 1402.0526 38070.4636 5.6160 81.0160 0.2002 0.0693 39559.4177
61 0.0000 1050.0685 36331.4211 5.6160 166.2960 0.2002 0.0770 37553.6788
62 0.0000 1220.8885 37736.9850 6.8640 110.8640 0.1716 0.0693 39075.8424
63 0.0000 970.4474 36763.4059 5.3040 136.4480 0.2002 0.0616 37875.8671
64 0.0000 1439.1585 36614.1282 3.7440 166.2960 0.0858 0.0693 38223.4818
65 0.0000 952.8909 38669.5673 1.2480 72.4880 0.0572 0.0539 39696.3053
66 0.0000 795.9263 37983.2505 4.3680 115.1280 0.1430 0.0539 38898.8697
67 0.0000 857.1368 37735.2768 4.3680 106.6000 0.2002 0.0616 38703.6434
68 0.0000 879.7230 37134.2751 7.4880 110.8640 0.0572 0.0693 38132.4766
69 0.0000 814.6216 38407.9280 4.6800 72.4880 0.2288 0.0539 39300.0003
70 0.0000 1051.6818 37984.7689 2.8080 110.8640 0.0572 0.0539 39150.2338
71 0.0000 1073.0343 37468.8925 4.6800 127.9200 0.1716 0.0693 38674.7677
72 0.0000 1384.4012 37092.4242 3.7440 102.3360 0.0572 0.0616 38583.0242
73 0.0000 936.5681 38619.6499 3.7440 89.5440 0.0572 0.0539 39649.6171
74 0.0000 1077.0201 37625.0979 6.2400 89.5440 0.1716 0.0693 38798.1429
75 0.0000 1481.0094 37259.5431 4.3680 123.6560 0.0286 0.0693 38868.6744
76 0.0000 1474.3664 37679.0011 5.6160 106.6000 0.2002 0.0770 39265.8607
77 0.0000 1637.4046 37230.8833 3.4320 110.8640 0.2860 0.0770 38982.9469
78 0.0000 922.3331 37684.9798 4.3680 85.2800 0.2002 0.0539 38697.2150
79 0.0000 586.0075 37858.4570 3.4320 81.0160 0.0286 0.0462 38528.9873
80 0.0000 1384.6859 37970.9135 5.3040 68.2240 0.1716 0.0693 39429.3683
81 0.0000 1822.9341 37380.3508 4.3680 93.8080 0.1144 0.0770 39301.6523
82 0.0000 1032.5120 37558.3832 4.9920 102.3360 0.1430 0.0616 38698.4278
83 0.0000 924.1362 38029.9413 4.3680 119.3920 0.0572 0.0616 39077.9563
84 0.0000 1113.6515 38674.5970 2.8080 59.6960 0.1144 0.0462 39850.9131
85 0.0000 1754.1316 36691.9462 6.8640 110.8640 0.2288 0.0847 38564.1193
86 0.0000 1194.4114 37018.3073 4.3680 85.2800 0.2002 0.0539 38302.6208
87 0.0000 869.0942 37898.8844 5.3040 76.7520 0.2002 0.0539 38850.2887
88 0.0000 697.8946 38907.3867 2.4960 81.0160 0.1144 0.0385 39688.9462
89 0.0000 1071.3261 40126.3772 2.1840 119.3920 0.0572 0.0539 41319.3904
90 0.0000 906.2001 35560.6433 9.0480 187.6160 0.1716 0.0693 36663.7483
91 0.0000 1496.3832 36067.5991 3.7440 136.4480 0.0286 0.0770 37704.2799
92 0.0000 668.8552 39439.3012 3.1200 51.1680 0.0572 0.0308 40162.5324
93 0.0000 1414.3896 35835.0941 6.8640 102.3360 0.1716 0.0770 37358.9323
94 0.0000 868.2401 37624.0540 7.1760 106.6000 0.2860 0.0539 38606.4100
95 0.0000 906.5797 39072.1331 3.7440 55.4320 0.2002 0.0462 40038.1352
96 0.0000 1130.5437 38207.9737 2.4960 72.4880 0.0000 0.0539 39413.5553
97 0.0000 569.7796 37466.4251 5.9280 85.2800 0.1430 0.0616 38127.6173
98 0.0000 1061.8361 36252.6541 7.1760 123.6560 0.2002 0.0770 37445.5994
99 0.0000 867.1013 38719.6745 3.7440 93.8080 0.1716 0.0462 39684.5456
100 0.0000 832.9373 38216.5147 4.0560 89.5440 0.2288 0.0616 39143.3424
101 0.0000 1006.7941 36636.6195 6.2400 162.0320 0.1716 0.0693 37811.9265
102 0.0000 999.2021 42967.7781 12.4800 85.2800 0.3718 0.0770 44065.1890
103 0.0000 1065.3474 38129.8710 1.8720 102.3360 0.0000 0.0539 39299.4803
104 0.0000 1267.3895 37541.3961 2.4960 76.7520 0.0858 0.0693 38888.1887

Average_Source_Energy: 29736.4595 J
Average_Destination_Energy: 38837.7653 J
Total_Average_Energy: 38404.3698 J
