Host : Inquiry : Relay : Scanning : Src_Connection : Dst_Connection : Delivering : Receiving : Total (J)

0 5615.9266 0.0000 0.0000 20.1300 0.0000 38.1000 0.0000 5674.1566
1 5444.3128 0.0000 0.0000 23.9730 0.0000 43.5864 0.0000 5511.8722
2 5542.9100 0.0000 0.0000 27.6330 0.0000 56.5531 0.0000 5627.0961
3 5559.8610 0.0000 0.0000 23.6070 0.0000 49.7840 0.0000 5633.2520
4 5602.2318 0.0000 0.0000 20.1300 0.0000 42.6085 0.0000 5664.9703
5 0.0000 0.0000 635.2578 0.0000 5.6819 0.0000 2.3800 643.3197
6 0.0000 0.0000 634.6995 0.0000 7.3053 0.0000 1.9040 643.9088
7 0.0000 0.0000 636.0046 0.0000 3.2468 0.0000 1.4280 640.6794
8 0.0000 0.0000 635.8779 0.0000 4.0585 0.0000 1.9040 641.8404
9 0.0000 0.0000 635.3697 0.0000 7.3053 0.0000 3.3320 646.0070
10 0.0000 0.0000 635.9132 0.0000 4.0585 0.0000 1.4280 641.3997
11 0.0000 0.0000 633.7995 0.0000 6.4936 0.0000 2.8560 643.1491
12 0.0000 0.0000 635.7409 0.0000 5.6819 0.0000 2.8322 644.2550
13 0.0000 0.0000 635.4168 0.0000 7.3053 0.0000 2.8560 645.5781
14 0.0000 0.0000 635.4360 0.0000 7.3053 0.0000 2.8560 645.5973
15 0.0000 0.0000 636.1342 0.0000 2.4351 0.0000 1.4280 639.9973
16 0.0000 0.0000 634.9087 0.0000 5.6819 0.0000 2.8560 643.4466
17 0.0000 0.0000 634.4565 0.0000 12.9872 0.0000 4.7600 652.2037
18 0.0000 0.0000 634.1766 0.0000 7.3053 0.0000 3.8080 645.2899
19 0.0000 0.0000 635.5774 0.0000 4.8702 0.0000 2.3800 642.8276
20 0.0000 0.0000 634.6509 0.0000 5.6819 0.0000 2.3800 642.7128
21 0.0000 0.0000 635.3565 0.0000 4.0585 0.0000 1.9040 641.3190
22 0.0000 0.0000 635.7306 0.0000 4.8702 0.0000 2.3800 642.9808
23 0.0000 0.0000 635.8661 0.0000 4.0585 0.0000 1.9040 641.8286
24 0.0000 0.0000 635.5641 0.0000 6.4936 0.0000 2.8560 644.9137
25 0.0000 0.0000 635.5376 0.0000 6.4936 0.0000 2.3800 644.4112
26 0.0000 0.0000 635.9604 0.0000 3.2468 0.0000 1.4280 640.6352
27 0.0000 0.0000 635.7777 0.0000 4.8702 0.0000 1.4280 642.0759
28 0.0000 0.0000 634.3150 0.0000 8.9287 0.0000 3.3320 646.5757
29 0.0000 0.0000 635.5111 0.0000 6.4936 0.0000 2.8560 644.8607
30 0.0000 0.0000 632.4708 0.0000 2.4351 0.0000 1.4280 636.3339
31 0.0000 0.0000 635.7512 0.0000 4.8702 0.0000 2.3800 643.0014
32 0.0000 0.0000 633.3959 0.0000 5.6819 0.0000 2.8560 641.9338
33 0.0000 0.0000 635.4802 0.0000 6.4936 0.0000 2.8560 644.8298
34 0.0000 0.0000 635.1090 0.0000 3.2468 0.0000 0.9520 639.3078
35 0.0000 0.0000 636.0635 0.0000 3.2468 0.0000 1.3804 640.6907
36 0.0000 0.0000 635.8455 0.0000 4.0585 0.0000 1.9040 641.8080
37 0.0000 0.0000 635.6938 0.0000 5.6819 0.0000 2.8560 644.2317
38 0.0000 0.0000 636.3669 0.0000 0.8117 0.0000 0.4760 637.6546
39 0.0000 0.0000 636.0944 0.0000 2.4351 0.0000 0.9520 639.4815
40 0.0000 0.0000 635.9545 0.0000 4.0585 0.0000 1.9040 641.9170
41 0.0000 0.0000 633.8569 0.0000 4.0585 0.0000 1.4280 639.3434
42 0.0000 0.0000 635.9869 0.0000 3.2468 0.0000 1.9040 641.1377
43 0.0000 0.0000 635.7866 0.0000 4.8702 0.0000 2.3800 643.0368
44 0.0000 0.0000 635.6776 0.0000 4.8702 0.0000 2.3800 642.9278
45 0.0000 0.0000 635.6864 0.0000 4.8702 0.0000 1.9040 642.4606
46 0.0000 0.0000 635.7777 0.0000 4.0585 0.0000 1.9040 641.7402
47 0.0000 0.0000 634.8586 0.0000 4.0585 0.0000 2.3800 641.2971
48 0.0000 0.0000 636.4848 0.0000 0.0000 0.0000 0.0000 636.4848
49 0.0000 0.0000 635.7601 0.0000 4.8702 0.0000 1.9040 642.5343
50 0.0000 0.0000 635.7866 0.0000 4.8702 0.0000 1.9040 642.5608
51 0.0000 0.0000 636.1445 0.0000 2.4351 0.0000 0.9520 639.5316
52 0.0000 0.0000 635.4596 0.0000 6.4936 0.0000 2.3800 644.3332
53 0.0000 0.0000 635.6393 0.0000 5.6819 0.0000 1.9040 643.2252
54 0.0000 0.0000 635.7203 0.0000 4.8702 0.0000 1.9040 642.4945
55 0.0000 0.0000 636.0502 0.0000 3.2468 0.0000 1.4280 640.7250
56 0.0000 0.0000 635.0324 0.0000 2.4351 0.0000 1.4280 638.8955
57 0.0000 0.0000 635.3771 0.0000 7.3053 0.0000 2.3800 645.0624
58 0.0000 0.0000 633.5034 0.0000 5.6819 0.0000 2.3800 641.5653
59 0.0000 0.0000 635.3785 0.0000 7.3053 0.0000 2.3800 645.0638
60 0.0000 0.0000 634.9602 0.0000 7.3053 0.0000 2.3800 644.6455
61 0.0000 0.0000 635.8249 0.0000 4.8702 0.0000 2.3800 643.0751
62 0.0000 0.0000 635.4522 0.0000 4.8702 0.0000 1.9040 642.2264
63 0.0000 0.0000 636.0149 0.0000 3.2468 0.0000 1.4280 640.6897
64 0.0000 0.0000 633.2604 0.0000 6.4936 0.0000 1.4280 641.1820
65 0.0000 0.0000 636.0370 0.0000 3.2468 0.0000 1.9040 641.1878
66 0.0000 0.0000 633.9910 0.0000 7.3053 0.0000 3.3320 644.6283
67 0.0000 0.0000 635.8897 0.0000 4.0585 0.0000 2.3800 642.3282
68 0.0000 0.0000 634.5684 0.0000 4.0585 0.0000 2.3800 641.0069
69 0.0000 0.0000 629.0122 0.0000 7.3053 0.0000 1.9040 638.2215
70 0.0000 0.0000 633.8893 0.0000 7.3053 0.0000 1.9040 643.0986
71 0.0000 0.0000 635.7011 0.0000 4.8702 0.0000 1.9040 642.4753
72 0.0000 0.0000 635.1797 0.0000 8.9287 0.0000 2.8560 646.9644
73 0.0000 0.0000 636.1371 0.0000 2.4351 0.0000 1.4280 640.0002
74 0.0000 0.0000 635.1797 0.0000 8.1170 0.0000 2.8560 646.1527
75 0.0000 0.0000 633.8761 0.0000 8.1170 0.0000 3.3320 645.3251
76 0.0000 0.0000 634.9853 0.0000 8.1170 0.0000 3.8080 646.9103
77 0.0000 0.0000 634.4977 0.0000 3.2468 0.0000 1.4280 639.1725
78 0.0000 0.0000 635.8823 0.0000 4.0585 0.0000 2.3800 642.3208
79 0.0000 0.0000 633.6006 0.0000 5.6819 0.0000 2.3800 641.6625
80 0.0000 0.0000 634.5095 0.0000 6.4936 0.0000 2.8441 643.8472
81 0.0000 0.0000 635.7542 0.0000 4.8702 0.0000 2.3800 643.0044
82 0.0000 0.0000 635.8558 0.0000 4.0585 0.0000 1.9040 641.8183
83 0.0000 0.0000 635.7718 0.0000 4.8702 0.0000 1.9040 642.5460
84 0.0000 0.0000 635.3948 0.0000 7.3053 0.0000 2.3800 645.0801
85 0.0000 0.0000 635.9383 0.0000 4.0585 0.0000 2.3800 642.3768
86 0.0000 0.0000 636.0576 0.0000 2.4351 0.0000 1.4280 639.9207
87 0.0000 0.0000 635.1340 0.0000 5.6819 0.0000 2.5585 643.3744
88 0.0000 0.0000 635.9795 0.0000 3.2468 0.0000 1.9040 641.1303
89 0.0000 0.0000 635.6054 0.0000 5.6819 0.0000 2.8560 644.1433
90 0.0000 0.0000 635.7601 0.0000 4.8702 0.0000 2.3800 643.0103
91 0.0000 0.0000 635.9015 0.0000 4.0585 0.0000 1.9040 641.8640
92 0.0000 0.0000 633.6213 0.0000 4.8702 0.0000 1.4280 639.9195
93 0.0000 0.0000 635.5759 0.0000 5.6819 0.0000 2.8560 644.1138
94 0.0000 0.0000 635.2445 0.0000 4.0585 0.0000 1.4280 640.7310
95 0.0000 0.0000 635.9707 0.0000 4.0585 0.0000 2.2848 642.3140
96 0.0000 0.0000 634.1471 0.0000 2.4351 0.0000 0.9520 637.5342
97 0.0000 0.0000 635.8249 0.0000 4.0585 0.0000 2.3800 642.2634
98 0.0000 0.0000 634.4461 0.0000 4.0585 0.0000 2.3800 640.8846
99 0.0000 0.0000 635.6584 0.0000 5.6819 0.0000 2.3800 643.7203
100 0.0000 0.0000 634.5272 0.0000 3.2468 0.0000 1.4280 639.2020
101 0.0000 0.0000 632.9849 0.0000 7.3053 0.0000 2.8560 643.1462
102 0.0000 0.0000 635.9000 0.0000 4.0585 0.0000 0.9520 640.9105
103 0.0000 0.0000 628.4083 0.0000 8.1170 0.0000 2.8560 639.3813
104 0.0000 0.0000 633.6596 0.0000 8.1170 0.0000 2.3800 644.1566

Average_Source_Energy: 5622.2694 J
Average_Destination_Energy: 642.4109 J
Total_Average_Energy: 879.5470 J
