Host : Inquiry : Relay : Scanning : Src_Connection : Dst_Connection : Delivering : Receiving : Total (J)

0 5509.3564 0.0000 0.0000 27.8160 0.0000 55.0291 0.0000 5592.2015
1 5512.6260 0.0000 0.0000 28.3650 0.0000 59.9440 0.0000 5600.9350
2 5488.1442 0.0000 0.0000 26.3520 0.0000 46.0629 0.0000 5560.5591
3 5587.1702 0.0000 0.0000 22.1430 0.0000 45.2120 0.0000 5654.5252
4 5567.0434 0.0000 0.0000 20.4960 0.0000 35.8013 0.0000 5623.3407
5 0.0000 0.0000 632.9584 0.0000 9.7404 0.0000 4.2840 646.9828
6 0.0000 0.0000 632.5357 0.0000 3.2468 0.0000 1.4280 637.2105
7 0.0000 0.0000 635.9339 0.0000 4.0585 0.0000 1.4280 641.4204
8 0.0000 0.0000 635.7394 0.0000 4.8702 0.0000 1.9040 642.5136
9 0.0000 0.0000 634.8910 0.0000 8.1170 0.0000 2.9274 645.9354
10 0.0000 0.0000 635.4802 0.0000 6.4936 0.0000 2.3800 644.3538
11 0.0000 0.0000 634.1412 0.0000 8.1170 0.0000 2.8560 645.1142
12 0.0000 0.0000 635.4227 0.0000 7.3053 0.0000 3.3320 646.0600
13 0.0000 0.0000 635.8808 0.0000 4.0585 0.0000 1.9040 641.8433
14 0.0000 0.0000 635.5509 0.0000 6.4936 0.0000 2.8560 644.9005
15 0.0000 0.0000 636.0267 0.0000 3.2468 0.0000 1.9040 641.1775
16 0.0000 0.0000 634.6966 0.0000 7.3053 0.0000 2.8560 644.8579
17 0.0000 0.0000 634.8100 0.0000 11.3638 0.0000 3.3320 649.5058
18 0.0000 0.0000 633.8363 0.0000 4.0585 0.0000 1.4280 639.3228
19 0.0000 0.0000 635.5627 0.0000 6.4936 0.0000 2.8560 644.9123
20 0.0000 0.0000 633.2471 0.0000 7.3053 0.0000 3.1773 643.7297
21 0.0000 0.0000 635.8028 0.0000 4.8702 0.0000 2.3800 643.0530
22 0.0000 0.0000 634.7024 0.0000 8.1170 0.0000 3.8080 646.6274
23 0.0000 0.0000 635.1709 0.0000 8.9287 0.0000 3.3320 647.4316
24 0.0000 0.0000 635.8912 0.0000 4.0585 0.0000 2.3800 642.3297
25 0.0000 0.0000 634.2974 0.0000 8.1170 0.0000 3.3320 645.7464
26 0.0000 0.0000 633.6551 0.0000 6.4936 0.0000 2.3800 642.5287
27 0.0000 0.0000 635.6555 0.0000 5.6819 0.0000 1.9040 643.2414
28 0.0000 0.0000 630.9080 0.0000 5.6819 0.0000 1.9040 638.4939
29 0.0000 0.0000 635.8632 0.0000 4.0585 0.0000 1.9040 641.8257
30 0.0000 0.0000 634.2561 0.0000 3.2468 0.0000 1.9040 639.4069
31 0.0000 0.0000 635.6054 0.0000 5.6819 0.0000 2.3800 643.6673
32 0.0000 0.0000 620.0387 0.0000 8.1170 0.0000 3.3320 631.4877
33 0.0000 0.0000 635.5524 0.0000 6.4936 0.0000 1.9040 643.9500
34 0.0000 0.0000 636.1224 0.0000 2.4351 0.0000 0.9520 639.5095
35 0.0000 0.0000 635.6304 0.0000 5.6819 0.0000 1.9040 643.2163
36 0.0000 0.0000 635.4493 0.0000 6.4936 0.0000 2.3800 644.3229
37 0.0000 0.0000 635.6967 0.0000 5.6819 0.0000 1.9040 643.2826
38 0.0000 0.0000 634.7717 0.0000 4.8702 0.0000 2.3800 642.0219
39 0.0000 0.0000 635.7321 0.0000 4.8702 0.0000 1.9040 642.5063
40 0.0000 0.0000 635.9398 0.0000 2.4351 0.0000 1.4280 639.8029
41 0.0000 0.0000 635.4713 0.0000 4.0585 0.0000 2.0587 641.5885
42 0.0000 0.0000 636.3758 0.0000 0.8117 0.0000 0.0000 637.1875
43 0.0000 0.0000 636.0119 0.0000 3.2468 0.0000 1.9040 641.1627
44 0.0000 0.0000 633.7995 0.0000 8.9287 0.0000 2.3800 645.1082
45 0.0000 0.0000 635.6481 0.0000 5.6819 0.0000 3.3320 644.6620
46 0.0000 0.0000 635.2018 0.0000 8.1170 0.0000 3.3320 646.6508
47 0.0000 0.0000 636.0031 0.0000 3.2468 0.0000 1.4280 640.6779
48 0.0000 0.0000 636.2373 0.0000 1.6234 0.0000 0.9520 638.8127
49 0.0000 0.0000 634.7363 0.0000 9.7404 0.0000 4.2840 648.7607
50 0.0000 0.0000 635.9074 0.0000 4.0585 0.0000 1.9040 641.8699
51 0.0000 0.0000 635.9869 0.0000 3.2468 0.0000 1.9040 641.1377
52 0.0000 0.0000 634.7496 0.0000 6.4936 0.0000 2.3800 643.6232
53 0.0000 0.0000 636.0311 0.0000 3.2468 0.0000 1.9040 641.1819
54 0.0000 0.0000 635.7939 0.0000 4.0585 0.0000 2.3800 642.2324
55 0.0000 0.0000 635.6142 0.0000 5.6819 0.0000 1.9040 643.2001
56 0.0000 0.0000 635.5052 0.0000 6.4936 0.0000 3.3320 645.3308
57 0.0000 0.0000 634.4550 0.0000 6.4936 0.0000 2.8560 643.8046
58 0.0000 0.0000 635.9692 0.0000 3.2468 0.0000 1.9040 641.1200
59 0.0000 0.0000 634.2812 0.0000 8.1170 0.0000 2.8560 645.2542
60 0.0000 0.0000 635.7733 0.0000 4.8702 0.0000 1.9040 642.5475
61 0.0000 0.0000 635.1532 0.0000 8.9287 0.0000 3.3320 647.4139
62 0.0000 0.0000 635.9221 0.0000 4.0585 0.0000 1.4280 641.4086
63 0.0000 0.0000 636.1209 0.0000 2.4351 0.0000 1.4280 639.9840
64 0.0000 0.0000 635.6658 0.0000 5.6819 0.0000 1.4280 642.7757
65 0.0000 0.0000 635.9884 0.0000 3.2468 0.0000 1.4280 640.6632
66 0.0000 0.0000 635.9015 0.0000 4.0585 0.0000 1.9040 641.8640
67 0.0000 0.0000 635.7630 0.0000 4.8702 0.0000 1.9040 642.5372
68 0.0000 0.0000 635.1664 0.0000 8.9287 0.0000 3.3320 647.4271
69 0.0000 0.0000 633.1160 0.0000 6.4936 0.0000 2.8560 642.4656
70 0.0000 0.0000 633.4636 0.0000 10.5521 0.0000 3.8080 647.8237
71 0.0000 0.0000 634.1074 0.0000 5.6819 0.0000 2.3800 642.1693
72 0.0000 0.0000 634.8276 0.0000 5.6819 0.0000 2.3800 642.8895
73 0.0000 0.0000 636.1136 0.0000 2.4351 0.0000 1.4280 639.9767
74 0.0000 0.0000 635.7424 0.0000 4.8702 0.0000 2.8560 643.4686
75 0.0000 0.0000 635.4021 0.0000 4.8702 0.0000 2.8560 643.1283
76 0.0000 0.0000 635.7807 0.0000 4.8702 0.0000 1.9040 642.5549
77 0.0000 0.0000 635.7836 0.0000 4.8702 0.0000 1.4280 642.0818
78 0.0000 0.0000 634.8969 0.0000 10.5521 0.0000 3.3320 648.7810
79 0.0000 0.0000 634.1132 0.0000 8.9287 0.0000 2.3800 645.4219
80 0.0000 0.0000 635.6496 0.0000 5.6819 0.0000 2.3800 643.7115
81 0.0000 0.0000 635.6201 0.0000 5.6819 0.0000 2.3800 643.6820
82 0.0000 0.0000 634.8144 0.0000 4.0585 0.0000 1.5827 640.4556
83 0.0000 0.0000 634.4520 0.0000 8.9287 0.0000 2.8560 646.2367
84 0.0000 0.0000 635.6010 0.0000 5.6819 0.0000 1.9040 643.1869
85 0.0000 0.0000 635.1399 0.0000 4.8702 0.0000 2.3800 642.3901
86 0.0000 0.0000 636.1710 0.0000 2.4351 0.0000 1.4280 640.0341
87 0.0000 0.0000 634.3769 0.0000 3.2468 0.0000 1.9040 639.5277
88 0.0000 0.0000 635.3299 0.0000 8.1170 0.0000 1.9040 645.3509
89 0.0000 0.0000 634.9278 0.0000 1.6234 0.0000 0.9520 637.5032
90 0.0000 0.0000 635.2033 0.0000 8.9287 0.0000 2.8560 646.9880
91 0.0000 0.0000 634.9691 0.0000 11.3638 0.0000 4.2840 650.6169
92 0.0000 0.0000 636.3669 0.0000 0.8117 0.0000 0.4760 637.6546
93 0.0000 0.0000 635.7777 0.0000 4.8702 0.0000 1.9040 642.5519
94 0.0000 0.0000 634.1442 0.0000 4.0585 0.0000 2.3800 640.5827
95 0.0000 0.0000 636.1592 0.0000 2.4351 0.0000 1.4280 640.0223
96 0.0000 0.0000 635.2740 0.0000 8.1170 0.0000 3.3320 646.7230
97 0.0000 0.0000 635.8941 0.0000 4.0585 0.0000 2.3800 642.3326
98 0.0000 0.0000 635.2165 0.0000 4.8702 0.0000 1.4280 641.5147
99 0.0000 0.0000 635.3034 0.0000 3.2468 0.0000 1.9040 640.4542
100 0.0000 0.0000 636.1195 0.0000 2.4351 0.0000 1.4280 639.9826
101 0.0000 0.0000 634.5949 0.0000 7.3053 0.0000 2.3800 644.2802
102 0.0000 0.0000 632.7817 0.0000 10.5521 0.0000 3.3320 646.6658
103 0.0000 0.0000 636.2211 0.0000 1.6234 0.0000 0.9520 638.7965
104 0.0000 0.0000 634.6362 0.0000 2.4351 0.0000 1.4280 638.4993

Average_Source_Energy: 5606.3123 J
Average_Destination_Energy: 642.8478 J
Total_Average_Energy: 879.2033 J
