Host : Inquiry : Relay : Scanning : Src_Connection : Dst_Connection : Delivering : Receiving : Total (J)

0 32145.0974 0.0000 0.0000 53.6640 0.0000 1.8018 0.0000 32200.5632
1 27322.0896 0.0000 0.0000 61.7760 0.0000 2.0592 0.0000 27385.9248
2 28627.6289 0.0000 0.0000 69.8880 0.0000 2.4882 0.0000 28700.0051
3 28245.7513 0.0000 0.0000 63.9600 0.0000 2.3166 0.0000 28312.0279
4 30533.5056 0.0000 0.0000 58.3440 0.0000 1.6588 0.0000 30593.5084
5 0.0000 1295.1952 37154.7735 7.1760 110.8640 0.2288 0.0693 38568.3068
6 0.0000 707.8591 36915.0561 6.8640 115.1280 0.1716 0.0616 37745.1404
7 0.0000 1033.7457 38570.0172 4.9920 55.4320 0.1716 0.0539 39664.4124
8 0.0000 1322.9060 37678.0521 1.8720 106.6000 0.1144 0.0616 39109.6061
9 0.0000 1532.3503 37130.9536 4.0560 123.6560 0.0572 0.0693 38791.1424
10 0.0000 1656.5744 36874.4389 5.3040 132.1840 0.2002 0.0770 38668.7785
11 0.0000 926.5087 37762.0386 4.3680 102.3360 0.1144 0.0616 38795.4273
12 0.0000 793.1742 35926.5777 6.2400 162.0320 0.1144 0.0770 36888.2153
13 0.0000 843.7559 35490.3224 8.4240 170.5600 0.2860 0.0847 36513.4330
14 0.0000 1344.2585 37604.5046 5.9280 106.6000 0.1430 0.0770 39061.5111
15 0.0000 1328.8847 37519.7589 4.3680 123.6560 0.1430 0.0616 38976.8722
16 0.0000 1548.2935 36114.3848 7.1760 140.7120 0.3146 0.0770 37810.9579
17 0.0000 1728.4137 37011.4745 4.9920 106.6000 0.2002 0.0847 38851.7651
18 0.0000 1753.0877 36533.6530 7.8000 119.3920 0.2002 0.0847 38414.2176
19 0.0000 560.1947 36626.8448 3.1200 123.6560 0.0572 0.0616 37313.9343
20 0.0000 1321.7672 35781.2858 8.1120 153.5040 0.2288 0.0847 37264.9825
21 0.0000 1219.4650 36794.9127 3.4320 106.6000 0.0572 0.0693 38124.5362
22 0.0000 1032.3222 37705.2884 3.1200 110.8640 0.0858 0.0616 38851.7420
23 0.0000 1378.5174 37414.4199 3.4320 98.0720 0.2288 0.0616 38894.7317
24 0.0000 1184.4469 38831.7514 4.0560 55.4320 0.0572 0.0539 40075.7974
25 0.0000 1097.0440 37378.8324 7.1760 110.8640 0.3718 0.0770 38594.3652
26 0.0000 861.7869 37867.8521 3.7440 89.5440 0.1716 0.0616 38823.1602
27 0.0000 808.2633 37568.8222 5.6160 93.8080 0.2574 0.0616 38476.8285
28 0.0000 1677.5473 36617.2599 4.3680 170.5600 0.2002 0.0847 38470.0201
29 0.0000 1373.2979 37634.7777 3.1200 123.6560 0.0858 0.0693 39135.0067
30 0.0000 1321.4825 36544.6614 5.6160 102.3360 0.1430 0.0770 37974.3159
31 0.0000 1429.3838 37755.3007 5.6160 119.3920 0.2288 0.0770 39309.9983
32 0.0000 1032.0375 38130.6302 3.4320 68.2240 0.0858 0.0616 39234.4711
33 0.0000 1439.4432 35924.2052 5.3040 149.2400 0.2002 0.0770 37518.4696
34 0.0000 850.3989 37730.4369 3.4320 93.8080 0.1430 0.0539 38678.2727
35 0.0000 1322.1468 38874.0768 2.8080 42.6400 0.0858 0.0539 40241.8113
36 0.0000 902.1194 37248.7245 3.7440 110.8640 0.2288 0.0616 38265.7423
37 0.0000 1018.2770 38701.3588 3.4320 72.4880 0.0858 0.0539 39795.6955
38 0.0000 858.5603 39236.2152 4.3680 46.9040 0.0572 0.0462 40146.1509
39 0.0000 1042.2867 38002.5152 6.2400 59.6960 0.0572 0.0616 39110.8567
40 0.0000 1424.8286 38175.3281 4.0560 72.4880 0.1430 0.0693 39676.9130
41 0.0000 1745.3059 35882.9237 5.3040 162.0320 0.1716 0.0847 37795.8219
42 0.0000 1479.4910 37199.6612 2.1840 123.6560 0.1144 0.0616 38805.1682
43 0.0000 761.8572 37653.6628 6.5520 115.1280 0.0286 0.0539 38537.2825
44 0.0000 1139.4643 36857.0722 3.1200 115.1280 0.0286 0.0616 38114.8747
45 0.0000 1116.1189 36397.2817 5.9280 110.8640 0.1144 0.0770 37630.3840
46 0.0000 663.2561 37931.0555 3.1200 106.6000 0.1144 0.0539 38704.1999
47 0.0000 1245.0880 36904.0477 3.4320 123.6560 0.0858 0.0770 38276.3865
48 0.0000 630.1360 39866.9206 1.8720 17.0560 0.0000 0.0308 40516.0154
49 0.0000 1304.9699 37133.6108 4.3680 110.8640 0.0858 0.0693 38553.9678
50 0.0000 1140.4133 38609.5905 1.8720 85.2800 0.0858 0.0462 39837.2878
51 0.0000 1379.4664 38474.2631 3.7440 68.2240 0.1144 0.0539 39925.8658
52 0.0000 372.7672 37195.9601 10.2960 106.6000 0.2860 0.0693 37685.9786
53 0.0000 1147.1512 37977.4616 4.6800 85.2800 0.2002 0.0616 39214.8346
54 0.0000 1186.9143 37766.7836 4.0560 102.3360 0.0572 0.0539 39060.2010
55 0.0000 1305.7291 37813.4744 5.3040 89.5440 0.2002 0.0693 39214.3210
56 0.0000 1271.2804 37046.2079 5.9280 136.4480 0.0858 0.0770 38460.0271
57 0.0000 1003.4726 38575.8061 3.4320 81.0160 0.0572 0.0539 39663.8378
58 0.0000 911.5145 37358.8085 3.4320 110.8640 0.0286 0.0539 38384.7015
59 0.0000 1345.3973 37345.3327 4.6800 123.6560 0.2002 0.0770 38819.3432
60 0.0000 1389.3360 36595.0533 7.1760 127.9200 0.1144 0.0770 38119.6767
61 0.0000 1432.0410 37234.9640 3.4320 149.2400 0.0572 0.0770 38819.8112
62 0.0000 1002.9032 38541.4523 5.6160 68.2240 0.1144 0.0616 39618.3715
63 0.0000 1382.6930 37707.8507 4.0560 89.5440 0.1144 0.0693 39184.3274
64 0.0000 546.1495 36596.8564 4.0560 102.3360 0.0858 0.0539 37249.5376
65 0.0000 922.0484 38148.7561 3.7440 81.0160 0.0572 0.0616 39155.6833
66 0.0000 1229.9040 37503.4361 4.6800 166.2960 0.2288 0.0616 38904.6065
67 0.0000 1848.0826 36279.6057 3.1200 132.1840 0.0858 0.0770 38263.1551
68 0.0000 1040.9581 37680.4246 4.9920 81.0160 0.2574 0.0616 38807.7097
69 0.0000 831.7985 36823.9521 3.7440 119.3920 0.0858 0.0539 37779.0263
70 0.0000 1660.0857 36780.8675 6.2400 127.9200 0.1716 0.0847 38575.3695
71 0.0000 984.8722 37183.5282 5.9280 119.3920 0.0858 0.0616 38293.8678
72 0.0000 1035.6437 37597.7667 3.7440 166.2960 0.1144 0.0539 38803.6187
73 0.0000 1346.3463 37535.0378 4.9920 68.2240 0.1144 0.0693 38954.7838
74 0.0000 1278.8724 36763.8804 5.9280 119.3920 0.3146 0.0693 38168.4567
75 0.0000 1336.8563 36145.7018 5.6160 123.6560 0.2288 0.0847 37612.1436
76 0.0000 1122.3823 37144.3345 4.9920 136.4480 0.0572 0.0693 38408.2833
77 0.0000 1060.9820 38051.8632 2.1840 115.1280 0.0858 0.0539 39230.2969
78 0.0000 1391.7085 38368.0700 3.7440 85.2800 0.1430 0.0616 39849.0071
79 0.0000 1307.8169 37646.8300 4.0560 93.8080 0.1144 0.0616 39052.6869
80 0.0000 1331.2572 37401.3237 4.6800 123.6560 0.0572 0.0616 38861.0357
81 0.0000 1522.1011 38064.7696 3.1200 89.5440 0.0572 0.0616 39679.6535
82 0.0000 1138.5153 37305.0002 4.9920 102.3360 0.3146 0.0693 38551.2274
83 0.0000 1098.5624 35164.2460 7.1760 115.1280 0.3146 0.0616 36385.4886
84 0.0000 1728.2239 36468.0771 6.5520 140.7120 0.2288 0.0847 38343.8785
85 0.0000 1660.5602 36484.4948 4.9920 144.9760 0.1144 0.0847 38295.2221
86 0.0000 1034.4100 37439.1888 6.8640 72.4880 0.0572 0.0693 38553.0773
87 0.0000 1062.2157 37568.3477 6.2400 102.3360 0.0858 0.0693 38739.2945
88 0.0000 1595.2690 37283.6477 5.6160 102.3360 0.1430 0.0770 38987.0887
89 0.0000 1183.9724 37805.9773 4.6800 76.7520 0.1716 0.0693 39071.6226
90 0.0000 1399.7750 38454.3341 3.1200 59.6960 0.0858 0.0616 39917.0725
91 0.0000 1190.2358 36001.5487 6.5520 89.5440 0.0858 0.0770 37288.0433
92 0.0000 677.2064 37605.5485 5.6160 102.3360 0.1716 0.0539 38390.9324
93 0.0000 1509.3845 38293.1939 2.8080 81.0160 0.1144 0.0616 39886.5784
94 0.0000 1235.3133 35583.8938 4.6800 123.6560 0.2288 0.0693 36947.8412
95 0.0000 1207.4127 37724.6480 4.0560 59.6960 0.1430 0.0616 38996.0173
96 0.0000 944.7295 37776.1787 2.1840 110.8640 0.0858 0.0539 38834.0959
97 0.0000 713.8378 37305.4747 4.0560 119.3920 0.1430 0.0539 38142.9574
98 0.0000 1104.6360 37409.6749 5.6160 93.8080 0.2288 0.0693 38614.0330
99 0.0000 1278.4928 37965.3144 4.3680 102.3360 0.1144 0.0693 39350.6949
100 0.0000 1126.1783 37721.2316 4.3680 102.3360 0.1144 0.0616 38954.2899
101 0.0000 1324.0448 37226.4230 4.6800 85.2800 0.2002 0.0693 38640.6973
102 0.0000 975.5720 36920.2756 3.4320 115.1280 0.1716 0.0693 38014.6485
103 0.0000 1346.8208 35421.8046 7.4880 140.7120 0.2288 0.0770 36917.1312
104 0.0000 1532.3503 36390.5438 6.8640 170.5600 0.2860 0.0770 38100.6811

Average_Source_Energy: 29438.4059 J
Average_Destination_Energy: 38643.5181 J
Total_Average_Energy: 38205.1794 J
