Host : Inquiry : Relay : Scanning : Src_Connection : Dst_Connection : Delivering : Receiving : Total (J)

0 5487.0186 0.0000 0.0000 21.7770 0.0000 38.6080 0.0000 5547.4036
1 5525.8384 0.0000 0.0000 21.7770 0.0000 41.6560 0.0000 5589.2714
2 5485.9600 0.0000 0.0000 27.8160 0.0000 57.1627 0.0000 5570.9387
3 5570.9830 0.0000 0.0000 25.0710 0.0000 51.0159 0.0000 5647.0699
4 5487.3000 0.0000 0.0000 25.2540 0.0000 47.7520 0.0000 5560.3060
5 0.0000 0.0000 634.6362 0.0000 4.8702 0.0000 1.4280 640.9344
6 0.0000 0.0000 635.5568 0.0000 6.4936 0.0000 2.3800 644.4304
7 0.0000 0.0000 635.6186 0.0000 5.6819 0.0000 2.3800 643.6805
8 0.0000 0.0000 635.1458 0.0000 8.9287 0.0000 3.3320 647.4065
9 0.0000 0.0000 634.8571 0.0000 4.8702 0.0000 2.3800 642.1073
10 0.0000 0.0000 636.1047 0.0000 2.4351 0.0000 0.9520 639.4918
11 0.0000 0.0000 633.9542 0.0000 5.6819 0.0000 1.9040 641.5401
12 0.0000 0.0000 630.2540 0.0000 6.4936 0.0000 2.7251 639.4727
13 0.0000 0.0000 634.7746 0.0000 8.9287 0.0000 3.3320 647.0353
14 0.0000 0.0000 633.9100 0.0000 6.4936 0.0000 3.3320 643.7356
15 0.0000 0.0000 635.0987 0.0000 4.8702 0.0000 1.9040 641.8729
16 0.0000 0.0000 635.6496 0.0000 4.8702 0.0000 2.8560 643.3758
17 0.0000 0.0000 635.9103 0.0000 4.0585 0.0000 2.3800 642.3488
18 0.0000 0.0000 633.7509 0.0000 4.8702 0.0000 1.9040 640.5251
19 0.0000 0.0000 635.9928 0.0000 3.2468 0.0000 1.4280 640.6676
20 0.0000 0.0000 636.4848 0.0000 0.0000 0.0000 0.0000 636.4848
21 0.0000 0.0000 634.0676 0.0000 4.8702 0.0000 1.9040 640.8418
22 0.0000 0.0000 633.7420 0.0000 7.3053 0.0000 2.3800 643.4273
23 0.0000 0.0000 634.8468 0.0000 7.3053 0.0000 2.8560 645.0081
24 0.0000 0.0000 635.1635 0.0000 4.0585 0.0000 2.3800 641.6020
25 0.0000 0.0000 636.2417 0.0000 1.6234 0.0000 0.9520 638.8171
26 0.0000 0.0000 630.2363 0.0000 6.4936 0.0000 2.8560 639.5859
27 0.0000 0.0000 635.8234 0.0000 4.8702 0.0000 1.9040 642.5976
28 0.0000 0.0000 635.8985 0.0000 4.0585 0.0000 1.4280 641.3850
29 0.0000 0.0000 633.1735 0.0000 5.6819 0.0000 1.4280 640.2834
30 0.0000 0.0000 634.9646 0.0000 4.8702 0.0000 1.9040 641.7388
31 0.0000 0.0000 634.6126 0.0000 7.3053 0.0000 3.8080 645.7259
32 0.0000 0.0000 636.2447 0.0000 1.6234 0.0000 0.9520 638.8201
33 0.0000 0.0000 632.9717 0.0000 6.4936 0.0000 2.8560 642.3213
34 0.0000 0.0000 632.0746 0.0000 5.6819 0.0000 1.9040 639.6605
35 0.0000 0.0000 635.5612 0.0000 6.4936 0.0000 2.8560 644.9108
36 0.0000 0.0000 634.8011 0.0000 9.7404 0.0000 4.2840 648.8255
37 0.0000 0.0000 634.0808 0.0000 4.8702 0.0000 2.3800 641.3310
38 0.0000 0.0000 635.6378 0.0000 6.4936 0.0000 2.7132 644.8446
39 0.0000 0.0000 634.6273 0.0000 7.3053 0.0000 2.3800 644.3126
40 0.0000 0.0000 634.2458 0.0000 7.3053 0.0000 1.9040 643.4551
41 0.0000 0.0000 634.9190 0.0000 4.8702 0.0000 1.9040 641.6932
42 0.0000 0.0000 635.7733 0.0000 4.8702 0.0000 1.9040 642.5475
43 0.0000 0.0000 635.0795 0.0000 4.8702 0.0000 1.9040 641.8537
44 0.0000 0.0000 635.3800 0.0000 7.3053 0.0000 1.9040 644.5893
45 0.0000 0.0000 635.8602 0.0000 4.0585 0.0000 1.4280 641.3467
46 0.0000 0.0000 634.3843 0.0000 4.8702 0.0000 1.4280 640.6825
47 0.0000 0.0000 635.6452 0.0000 4.8702 0.0000 2.3800 642.8954
48 0.0000 0.0000 634.2031 0.0000 4.0585 0.0000 1.9040 640.1656
49 0.0000 0.0000 634.7466 0.0000 5.6819 0.0000 2.3800 642.8085
50 0.0000 0.0000 635.3903 0.0000 7.3053 0.0000 3.3320 646.0276
51 0.0000 0.0000 635.5612 0.0000 6.4936 0.0000 1.9040 643.9588
52 0.0000 0.0000 635.2651 0.0000 8.9287 0.0000 2.8560 647.0498
53 0.0000 0.0000 634.0455 0.0000 5.6819 0.0000 2.3800 642.1074
54 0.0000 0.0000 634.2473 0.0000 3.2468 0.0000 1.9040 639.3981
55 0.0000 0.0000 634.7319 0.0000 5.6819 0.0000 2.8560 643.2698
56 0.0000 0.0000 635.6466 0.0000 4.8702 0.0000 1.9040 642.4208
57 0.0000 0.0000 636.1342 0.0000 2.4351 0.0000 0.4760 639.0453
58 0.0000 0.0000 630.6517 0.0000 7.3053 0.0000 1.4280 639.3850
59 0.0000 0.0000 635.8057 0.0000 4.8702 0.0000 2.3800 643.0559
60 0.0000 0.0000 635.0427 0.0000 9.7404 0.0000 3.8080 648.5911
61 0.0000 0.0000 635.5347 0.0000 6.4936 0.0000 2.3800 644.4083
62 0.0000 0.0000 635.5229 0.0000 6.4936 0.0000 2.8560 644.8725
63 0.0000 0.0000 635.8720 0.0000 4.0585 0.0000 1.4280 641.3585
64 0.0000 0.0000 635.7763 0.0000 4.8702 0.0000 2.3800 643.0265
65 0.0000 0.0000 635.8853 0.0000 4.0585 0.0000 1.9040 641.8478
66 0.0000 0.0000 633.2972 0.0000 8.9287 0.0000 3.3320 645.5579
67 0.0000 0.0000 633.3429 0.0000 7.3053 0.0000 2.8560 643.5042
68 0.0000 0.0000 635.8587 0.0000 4.0585 0.0000 1.9040 641.8212
69 0.0000 0.0000 635.6776 0.0000 5.6819 0.0000 2.8560 644.2155
70 0.0000 0.0000 633.7347 0.0000 5.6819 0.0000 3.1059 642.5225
71 0.0000 0.0000 635.5745 0.0000 5.6819 0.0000 2.3800 643.6364
72 0.0000 0.0000 634.7820 0.0000 4.8702 0.0000 1.9040 641.5562
73 0.0000 0.0000 635.7129 0.0000 4.8702 0.0000 2.3800 642.9631
74 0.0000 0.0000 635.6069 0.0000 5.6819 0.0000 2.8560 644.1448
75 0.0000 0.0000 633.6051 0.0000 8.1170 0.0000 3.3320 645.0541
76 0.0000 0.0000 633.0542 0.0000 9.7404 0.0000 3.8080 646.6026
77 0.0000 0.0000 632.9908 0.0000 10.5521 0.0000 3.3320 646.8749
78 0.0000 0.0000 634.4668 0.0000 4.0585 0.0000 1.4280 639.9533
79 0.0000 0.0000 636.1430 0.0000 2.4351 0.0000 1.4280 640.0061
80 0.0000 0.0000 634.0587 0.0000 8.9287 0.0000 4.2840 647.2714
81 0.0000 0.0000 635.6024 0.0000 4.8702 0.0000 1.4280 641.9006
82 0.0000 0.0000 635.8941 0.0000 4.0585 0.0000 2.3800 642.3326
83 0.0000 0.0000 636.0296 0.0000 3.2468 0.0000 1.9040 641.1804
84 0.0000 0.0000 630.0757 0.0000 4.8702 0.0000 1.4280 636.3739
85 0.0000 0.0000 635.1532 0.0000 4.0585 0.0000 1.4280 640.6397
86 0.0000 0.0000 635.8116 0.0000 4.8702 0.0000 2.3800 643.0618
87 0.0000 0.0000 636.1327 0.0000 2.4351 0.0000 1.4280 639.9958
88 0.0000 0.0000 635.8764 0.0000 4.0585 0.0000 1.4280 641.3629
89 0.0000 0.0000 634.5345 0.0000 5.6819 0.0000 2.8560 643.0724
90 0.0000 0.0000 635.7321 0.0000 4.8702 0.0000 1.9040 642.5063
91 0.0000 0.0000 635.3049 0.0000 3.2468 0.0000 1.4280 639.9797
92 0.0000 0.0000 633.8569 0.0000 6.4936 0.0000 1.9040 642.2545
93 0.0000 0.0000 635.9015 0.0000 4.0585 0.0000 1.9040 641.8640
94 0.0000 0.0000 636.1106 0.0000 2.4351 0.0000 1.4280 639.9737
95 0.0000 0.0000 635.9884 0.0000 3.2468 0.0000 1.9040 641.1392
96 0.0000 0.0000 635.6511 0.0000 5.6819 0.0000 1.9040 643.2370
97 0.0000 0.0000 636.1445 0.0000 2.4351 0.0000 1.4280 640.0076
98 0.0000 0.0000 635.7763 0.0000 4.8702 0.0000 2.8560 643.5025
99 0.0000 0.0000 635.4758 0.0000 3.2468 0.0000 1.9040 640.6266
100 0.0000 0.0000 636.0149 0.0000 3.2468 0.0000 1.4280 640.6897
101 0.0000 0.0000 634.6317 0.0000 8.9287 0.0000 3.3320 646.8924
102 0.0000 0.0000 635.9295 0.0000 4.0585 0.0000 1.4280 641.4160
103 0.0000 0.0000 634.6892 0.0000 7.3053 0.0000 2.3800 644.3745
104 0.0000 0.0000 635.5936 0.0000 5.6819 0.0000 2.3800 643.6555

Average_Source_Energy: 5582.9979 J
Average_Destination_Energy: 642.5073 J
Total_Average_Energy: 877.7688 J
