Host : Inquiry : Relay : Scanning : Src_Connection : Dst_Connection : Delivering : Receiving : Total (J)

0 27973.7679 0.0000 0.0000 66.7680 0.0000 3.8896 0.0000 28044.4255
1 27232.3142 0.0000 0.0000 65.8320 0.0000 4.0326 0.0000 27302.1788
2 28727.4637 0.0000 0.0000 66.1440 0.0000 3.4606 0.0000 28797.0683
3 30313.4325 0.0000 0.0000 54.6000 0.0000 3.1174 0.0000 30371.1499
4 29156.3168 0.0000 0.0000 58.0320 0.0000 3.2318 0.0000 29217.5806
5 0.0000 0.0000 39754.0845 0.0000 51.1680 0.0000 0.0693 39805.3218
6 0.0000 0.0000 39439.6808 0.0000 25.5840 0.0000 0.0308 39465.2956
7 0.0000 0.0000 40422.1805 0.0000 38.3760 0.0000 0.0462 40460.6027
8 0.0000 0.0000 40606.1916 0.0000 34.1120 0.0000 0.0462 40640.3498
9 0.0000 0.0000 39113.3197 0.0000 93.8080 0.0000 0.0616 39207.1893
10 0.0000 0.0000 40566.1438 0.0000 38.3760 0.0000 0.0462 40604.5660
11 0.0000 0.0000 39497.2851 0.0000 76.7520 0.0000 0.0693 39574.1064
12 0.0000 0.0000 39819.4706 0.0000 59.6960 0.0000 0.0616 39879.2282
13 0.0000 0.0000 40433.1889 0.0000 42.6400 0.0000 0.0539 40475.8828
14 0.0000 0.0000 40534.0676 0.0000 42.6400 0.0000 0.0462 40576.7538
15 0.0000 0.0000 40505.9772 0.0000 38.3760 0.0000 0.0385 40544.3917
16 0.0000 0.0000 40376.2489 0.0000 51.1680 0.0000 0.0539 40427.4708
17 0.0000 0.0000 40217.1016 0.0000 63.9600 0.0000 0.0539 40281.1155
18 0.0000 0.0000 40471.6234 0.0000 34.1120 0.0000 0.0308 40505.7662
19 0.0000 0.0000 40271.2895 0.0000 42.6400 0.0000 0.0539 40313.9834
20 0.0000 0.0000 39785.7811 0.0000 46.9040 0.0000 0.0539 39832.7390
21 0.0000 0.0000 40609.1335 0.0000 38.3760 0.0000 0.0462 40647.5557
22 0.0000 0.0000 40303.4606 0.0000 42.6400 0.0000 0.0616 40346.1622
23 0.0000 0.0000 40420.6621 0.0000 55.4320 0.0000 0.0616 40476.1557
24 0.0000 0.0000 40697.0109 0.0000 29.8480 0.0000 0.0385 40726.8974
25 0.0000 0.0000 40125.4282 0.0000 46.9040 0.0000 0.0462 40172.3784
26 0.0000 0.0000 39427.9132 0.0000 42.6400 0.0000 0.0462 39470.5994
27 0.0000 0.0000 40650.0354 0.0000 34.1120 0.0000 0.0385 40684.1859
28 0.0000 0.0000 38265.6729 0.0000 42.6400 0.0000 0.0462 38308.3591
29 0.0000 0.0000 40578.8604 0.0000 38.3760 0.0000 0.0616 40617.2980
30 0.0000 0.0000 39786.6352 0.0000 42.6400 0.0000 0.0616 39829.3368
31 0.0000 0.0000 40190.3398 0.0000 55.4320 0.0000 0.0539 40245.8257
32 0.0000 0.0000 38709.6151 0.0000 51.1680 0.0000 0.0539 38760.8370
33 0.0000 0.0000 40138.8091 0.0000 51.1680 0.0000 0.0616 40190.0387
34 0.0000 0.0000 39668.6745 0.0000 29.8480 0.0000 0.0308 39698.5533
35 0.0000 0.0000 40671.8624 0.0000 29.8480 0.0000 0.0308 40701.7412
36 0.0000 0.0000 40549.2516 0.0000 38.3760 0.0000 0.0462 40587.6738
37 0.0000 0.0000 40437.5543 0.0000 46.9040 0.0000 0.0462 40484.5045
38 0.0000 0.0000 40109.5799 0.0000 51.1680 0.0000 0.0539 40160.8018
39 0.0000 0.0000 40605.1477 0.0000 34.1120 0.0000 0.0462 40639.3059
40 0.0000 0.0000 40742.6578 0.0000 17.0560 0.0000 0.0308 40759.7446
41 0.0000 0.0000 39605.3762 0.0000 51.1680 0.0000 0.0462 39656.5904
42 0.0000 0.0000 40871.3422 0.0000 12.7920 0.0000 0.0154 40884.1496
43 0.0000 0.0000 40761.6378 0.0000 21.3200 0.0000 0.0385 40782.9963
44 0.0000 0.0000 39947.2060 0.0000 59.6960 0.0000 0.0462 40006.9482
45 0.0000 0.0000 40282.0132 0.0000 46.9040 0.0000 0.0693 40328.9865
46 0.0000 0.0000 40411.1721 0.0000 51.1680 0.0000 0.0539 40462.3940
47 0.0000 0.0000 40583.5105 0.0000 42.6400 0.0000 0.0539 40626.2044
48 0.0000 0.0000 40892.0304 0.0000 8.5280 0.0000 0.0154 40900.5738
49 0.0000 0.0000 39389.3838 0.0000 72.4880 0.0000 0.0693 39461.9411
50 0.0000 0.0000 40570.6990 0.0000 38.3760 0.0000 0.0385 40609.1135
51 0.0000 0.0000 40649.5609 0.0000 29.8480 0.0000 0.0385 40679.4474
52 0.0000 0.0000 40232.3805 0.0000 42.6400 0.0000 0.0539 40275.0744
53 0.0000 0.0000 40754.7101 0.0000 25.5840 0.0000 0.0385 40780.3326
54 0.0000 0.0000 40377.2928 0.0000 46.9040 0.0000 0.0693 40424.2661
55 0.0000 0.0000 40638.8372 0.0000 34.1120 0.0000 0.0308 40672.9800
56 0.0000 0.0000 40611.1264 0.0000 34.1120 0.0000 0.0539 40645.2923
57 0.0000 0.0000 39824.4054 0.0000 55.4320 0.0000 0.0616 39879.8990
58 0.0000 0.0000 40492.1218 0.0000 42.6400 0.0000 0.0539 40534.8157
59 0.0000 0.0000 40025.1189 0.0000 63.9600 0.0000 0.0616 40089.1405
60 0.0000 0.0000 40671.7675 0.0000 29.8480 0.0000 0.0308 40701.6463
61 0.0000 0.0000 40359.2618 0.0000 59.6960 0.0000 0.0539 40419.0117
62 0.0000 0.0000 40787.5455 0.0000 21.3200 0.0000 0.0231 40808.8886
63 0.0000 0.0000 40362.7731 0.0000 34.1120 0.0000 0.0385 40396.9236
64 0.0000 0.0000 40435.8461 0.0000 46.9040 0.0000 0.0385 40482.7886
65 0.0000 0.0000 40754.4254 0.0000 21.3200 0.0000 0.0308 40775.7762
66 0.0000 0.0000 40503.9843 0.0000 38.3760 0.0000 0.0462 40542.4065
67 0.0000 0.0000 40714.4725 0.0000 25.5840 0.0000 0.0308 40740.0873
68 0.0000 0.0000 40426.1663 0.0000 51.1680 0.0000 0.0539 40477.3882
69 0.0000 0.0000 39429.8112 0.0000 51.1680 0.0000 0.0462 39481.0254
70 0.0000 0.0000 39716.4092 0.0000 68.2240 0.0000 0.0693 39784.7025
71 0.0000 0.0000 40086.5192 0.0000 46.9040 0.0000 0.0462 40133.4694
72 0.0000 0.0000 40223.5548 0.0000 34.1120 0.0000 0.0462 40257.7130
73 0.0000 0.0000 40673.1910 0.0000 21.3200 0.0000 0.0308 40694.5418
74 0.0000 0.0000 40380.8041 0.0000 51.1680 0.0000 0.0539 40432.0260
75 0.0000 0.0000 40546.9740 0.0000 34.1120 0.0000 0.0539 40581.1399
76 0.0000 0.0000 40615.2071 0.0000 34.1120 0.0000 0.0385 40649.3576
77 0.0000 0.0000 40427.3051 0.0000 51.1680 0.0000 0.0462 40478.5193
78 0.0000 0.0000 40258.0984 0.0000 63.9600 0.0000 0.0616 40322.1200
79 0.0000 0.0000 39272.9415 0.0000 76.7520 0.0000 0.0847 39349.7782
80 0.0000 0.0000 40676.2278 0.0000 29.8480 0.0000 0.0385 40706.1143
81 0.0000 0.0000 40635.6106 0.0000 34.1120 0.0000 0.0462 40669.7688
82 0.0000 0.0000 40283.4367 0.0000 29.8480 0.0000 0.0462 40313.3309
83 0.0000 0.0000 40028.2506 0.0000 59.6960 0.0000 0.0539 40088.0005
84 0.0000 0.0000 40427.8745 0.0000 51.1680 0.0000 0.0616 40479.1041
85 0.0000 0.0000 40110.1493 0.0000 55.4320 0.0000 0.0539 40165.6352
86 0.0000 0.0000 40571.9327 0.0000 25.5840 0.0000 0.0385 40597.5552
87 0.0000 0.0000 39999.9704 0.0000 34.1120 0.0000 0.0462 40034.1286
88 0.0000 0.0000 40501.2322 0.0000 46.9040 0.0000 0.0308 40548.1670
89 0.0000 0.0000 41808.8593 0.0000 38.3760 0.0000 0.0385 41847.2738
90 0.0000 0.0000 40382.1327 0.0000 59.6960 0.0000 0.0539 40441.8826
91 0.0000 0.0000 39072.5127 0.0000 76.7520 0.0000 0.0770 39149.3417
92 0.0000 0.0000 40587.0218 0.0000 29.8480 0.0000 0.0385 40616.9083
93 0.0000 0.0000 40526.7603 0.0000 46.9040 0.0000 0.0616 40573.7259
94 0.0000 0.0000 40162.2494 0.0000 34.1120 0.0000 0.0539 40196.4153
95 0.0000 0.0000 40633.9024 0.0000 21.3200 0.0000 0.0308 40655.2532
96 0.0000 0.0000 40300.6136 0.0000 51.1680 0.0000 0.0539 40351.8355
97 0.0000 0.0000 40654.8753 0.0000 29.8480 0.0000 0.0462 40684.7695
98 0.0000 0.0000 40334.5878 0.0000 34.1120 0.0000 0.0308 40368.7306
99 0.0000 0.0000 40275.5600 0.0000 34.1120 0.0000 0.0539 40309.7259
100 0.0000 0.0000 40199.0706 0.0000 34.1120 0.0000 0.0462 40233.2288
101 0.0000 0.0000 40100.0899 0.0000 55.4320 0.0000 0.0462 40155.5681
102 0.0000 0.0000 39853.0652 0.0000 55.4320 0.0000 0.0539 39908.5511
103 0.0000 0.0000 40556.4640 0.0000 12.7920 0.0000 0.0231 40569.2791
104 0.0000 0.0000 40008.7012 0.0000 34.1120 0.0000 0.0385 40042.8517

Average_Source_Energy: 28746.4806 J
Average_Destination_Energy: 40310.2032 J
Total_Average_Energy: 39759.5497 J
