Host : Inquiry : Relay : Scanning : Src_Connection : Dst_Connection : Delivering : Receiving : Total (J)

0 29385.1207 0.0000 0.0000 58.0320 0.0000 3.1746 0.0000 29446.3273
1 30819.8189 0.0000 0.0000 56.7840 0.0000 3.2604 0.0000 30879.8633
2 27559.5294 0.0000 0.0000 73.0080 0.0000 4.1470 0.0000 27636.6844
3 30003.0146 0.0000 0.0000 62.0880 0.0000 3.8324 0.0000 30068.9350
4 29307.3976 0.0000 0.0000 64.5840 0.0000 3.5750 0.0000 29375.5566
5 0.0000 0.0000 40054.1583 0.0000 42.6400 0.0000 0.0462 40096.8445
6 0.0000 0.0000 40491.7422 0.0000 46.9040 0.0000 0.0539 40538.7001
7 0.0000 0.0000 40653.4518 0.0000 34.1120 0.0000 0.0385 40687.6023
8 0.0000 0.0000 40145.7368 0.0000 63.9600 0.0000 0.0616 40209.7584
9 0.0000 0.0000 40400.4484 0.0000 34.1120 0.0000 0.0462 40434.6066
10 0.0000 0.0000 40682.0167 0.0000 29.8480 0.0000 0.0385 40711.9032
11 0.0000 0.0000 39850.4080 0.0000 51.1680 0.0000 0.0462 39901.6222
12 0.0000 0.0000 39575.6725 0.0000 42.6400 0.0000 0.0539 39618.3664
13 0.0000 0.0000 40117.7413 0.0000 55.4320 0.0000 0.0539 40173.2272
14 0.0000 0.0000 40217.9557 0.0000 42.6400 0.0000 0.0539 40260.6496
15 0.0000 0.0000 40231.6213 0.0000 46.9040 0.0000 0.0539 40278.5792
16 0.0000 0.0000 40553.1425 0.0000 38.3760 0.0000 0.0539 40591.5724
17 0.0000 0.0000 40418.8590 0.0000 46.9040 0.0000 0.0462 40465.8092
18 0.0000 0.0000 39353.7963 0.0000 42.6400 0.0000 0.0462 39396.4825
19 0.0000 0.0000 40741.9935 0.0000 25.5840 0.0000 0.0308 40767.6083
20 0.0000 0.0000 40965.3881 0.0000 4.2640 0.0000 0.0077 40969.6598
21 0.0000 0.0000 39899.0917 0.0000 46.9040 0.0000 0.0539 39946.0496
22 0.0000 0.0000 39914.3706 0.0000 55.4320 0.0000 0.0462 39969.8488
23 0.0000 0.0000 40480.1644 0.0000 42.6400 0.0000 0.0616 40522.8660
24 0.0000 0.0000 40217.8608 0.0000 46.9040 0.0000 0.0539 40264.8187
25 0.0000 0.0000 40805.0071 0.0000 17.0560 0.0000 0.0308 40822.0939
26 0.0000 0.0000 40015.4391 0.0000 63.9600 0.0000 0.0616 40079.4607
27 0.0000 0.0000 40244.7175 0.0000 46.9040 0.0000 0.0462 40291.6677
28 0.0000 0.0000 40540.0463 0.0000 38.3760 0.0000 0.0462 40578.4685
29 0.0000 0.0000 39857.1459 0.0000 34.1120 0.0000 0.0308 39891.2887
30 0.0000 0.0000 40307.9209 0.0000 34.1120 0.0000 0.0308 40342.0637
31 0.0000 0.0000 40139.0938 0.0000 55.4320 0.0000 0.0847 40194.6105
32 0.0000 0.0000 40669.5848 0.0000 29.8480 0.0000 0.0462 40699.4790
33 0.0000 0.0000 40064.0279 0.0000 42.6400 0.0000 0.0539 40106.7218
34 0.0000 0.0000 39472.9907 0.0000 38.3760 0.0000 0.0462 39511.4129
35 0.0000 0.0000 40596.7016 0.0000 38.3760 0.0000 0.0539 40635.1315
36 0.0000 0.0000 40014.1105 0.0000 59.6960 0.0000 0.0693 40073.8758
37 0.0000 0.0000 39952.4255 0.0000 38.3760 0.0000 0.0539 39990.8554
38 0.0000 0.0000 40567.6622 0.0000 38.3760 0.0000 0.0539 40606.0921
39 0.0000 0.0000 40288.4664 0.0000 42.6400 0.0000 0.0539 40331.1603
40 0.0000 0.0000 40159.5922 0.0000 46.9040 0.0000 0.0385 40206.5347
41 0.0000 0.0000 40492.0269 0.0000 34.1120 0.0000 0.0385 40526.1774
42 0.0000 0.0000 40528.7532 0.0000 42.6400 0.0000 0.0539 40571.4471
43 0.0000 0.0000 40271.2895 0.0000 42.6400 0.0000 0.0462 40313.9757
44 0.0000 0.0000 40248.7033 0.0000 59.6960 0.0000 0.0539 40308.4532
45 0.0000 0.0000 40589.0147 0.0000 34.1120 0.0000 0.0462 40623.1729
46 0.0000 0.0000 39751.8069 0.0000 55.4320 0.0000 0.0539 39807.2928
47 0.0000 0.0000 40637.3188 0.0000 29.8480 0.0000 0.0385 40667.2053
48 0.0000 0.0000 39711.9489 0.0000 68.2240 0.0000 0.0539 39780.2268
49 0.0000 0.0000 39988.4875 0.0000 42.6400 0.0000 0.0462 40031.1737
50 0.0000 0.0000 39945.6876 0.0000 68.2240 0.0000 0.0693 40013.9809
51 0.0000 0.0000 40249.5574 0.0000 42.6400 0.0000 0.0462 40292.2436
52 0.0000 0.0000 39742.2220 0.0000 55.4320 0.0000 0.0385 39797.6925
53 0.0000 0.0000 39655.9579 0.0000 46.9040 0.0000 0.0462 39702.9081
54 0.0000 0.0000 40612.1703 0.0000 21.3200 0.0000 0.0308 40633.5211
55 0.0000 0.0000 40294.6349 0.0000 34.1120 0.0000 0.0539 40328.8008
56 0.0000 0.0000 40388.0165 0.0000 46.9040 0.0000 0.0539 40434.9744
57 0.0000 0.0000 40054.4430 0.0000 68.2240 0.0000 0.0462 40122.7132
58 0.0000 0.0000 39906.8735 0.0000 46.9040 0.0000 0.0385 39953.8160
59 0.0000 0.0000 40567.0928 0.0000 38.3760 0.0000 0.0462 40605.5150
60 0.0000 0.0000 40348.2534 0.0000 59.6960 0.0000 0.0616 40408.0110
61 0.0000 0.0000 40466.4988 0.0000 51.1680 0.0000 0.0462 40517.7130
62 0.0000 0.0000 40304.6943 0.0000 51.1680 0.0000 0.0539 40355.9162
63 0.0000 0.0000 40657.1529 0.0000 29.8480 0.0000 0.0385 40687.0394
64 0.0000 0.0000 40492.3116 0.0000 38.3760 0.0000 0.0616 40530.7492
65 0.0000 0.0000 40575.2542 0.0000 34.1120 0.0000 0.0308 40609.3970
66 0.0000 0.0000 39788.0587 0.0000 59.6960 0.0000 0.0693 39847.8240
67 0.0000 0.0000 39687.3698 0.0000 51.1680 0.0000 0.0539 39738.5917
68 0.0000 0.0000 40702.7049 0.0000 25.5840 0.0000 0.0385 40728.3274
69 0.0000 0.0000 40173.6374 0.0000 63.9600 0.0000 0.0693 40237.6667
70 0.0000 0.0000 39772.1155 0.0000 68.2240 0.0000 0.0693 39840.4088
71 0.0000 0.0000 40289.8899 0.0000 51.1680 0.0000 0.0616 40341.1195
72 0.0000 0.0000 40273.1875 0.0000 42.6400 0.0000 0.0462 40315.8737
73 0.0000 0.0000 40528.3736 0.0000 38.3760 0.0000 0.0539 40566.8035
74 0.0000 0.0000 40172.5935 0.0000 51.1680 0.0000 0.0693 40223.8308
75 0.0000 0.0000 40177.4334 0.0000 55.4320 0.0000 0.0616 40232.9270
76 0.0000 0.0000 40220.2333 0.0000 55.4320 0.0000 0.0693 40275.7346
77 0.0000 0.0000 39956.6011 0.0000 59.6960 0.0000 0.0616 40016.3587
78 0.0000 0.0000 40007.2777 0.0000 34.1120 0.0000 0.0308 40041.4205
79 0.0000 0.0000 40345.0268 0.0000 38.3760 0.0000 0.0462 40383.4490
80 0.0000 0.0000 40259.9015 0.0000 55.4320 0.0000 0.0693 40315.4028
81 0.0000 0.0000 40563.9611 0.0000 34.1120 0.0000 0.0308 40598.1039
82 0.0000 0.0000 40440.8758 0.0000 51.1680 0.0000 0.0539 40492.0977
83 0.0000 0.0000 40722.3492 0.0000 25.5840 0.0000 0.0385 40747.9717
84 0.0000 0.0000 39961.3461 0.0000 29.8480 0.0000 0.0308 39991.2249
85 0.0000 0.0000 51053.5428 0.0000 25.5840 0.0000 0.0385 51079.1653
86 0.0000 0.0000 40734.3066 0.0000 25.5840 0.0000 0.0385 40759.9291
87 0.0000 0.0000 40684.5790 0.0000 29.8480 0.0000 0.0462 40714.4732
88 0.0000 0.0000 40615.2071 0.0000 34.1120 0.0000 0.0385 40649.3576
89 0.0000 0.0000 40286.1888 0.0000 38.3760 0.0000 0.0539 40324.6187
90 0.0000 0.0000 43518.0083 0.0000 42.6400 0.0000 0.0462 43560.6945
91 0.0000 0.0000 40157.3146 0.0000 42.6400 0.0000 0.0462 40200.0008
92 0.0000 0.0000 39480.6776 0.0000 46.9040 0.0000 0.0385 39527.6201
93 0.0000 0.0000 40648.7068 0.0000 34.1120 0.0000 0.0539 40682.8727
94 0.0000 0.0000 40427.4000 0.0000 17.0560 0.0000 0.0231 40444.4791
95 0.0000 0.0000 40681.7320 0.0000 25.5840 0.0000 0.0385 40707.3545
96 0.0000 0.0000 40423.4142 0.0000 42.6400 0.0000 0.0462 40466.1004
97 0.0000 0.0000 40813.4532 0.0000 17.0560 0.0000 0.0308 40830.5400
98 0.0000 0.0000 40477.0327 0.0000 46.9040 0.0000 0.0616 40523.9983
99 0.0000 0.0000 40383.2715 0.0000 38.3760 0.0000 0.0385 40421.6860
100 0.0000 0.0000 40709.2530 0.0000 29.8480 0.0000 0.0308 40739.1318
101 0.0000 0.0000 39021.4565 0.0000 85.2800 0.0000 0.0693 39106.8058
102 0.0000 0.0000 40533.7829 0.0000 29.8480 0.0000 0.0231 40563.6540
103 0.0000 0.0000 40211.7872 0.0000 46.9040 0.0000 0.0539 40258.7451
104 0.0000 0.0000 40362.8680 0.0000 59.6960 0.0000 0.0616 40422.6256

Average_Source_Energy: 29481.4733 J
Average_Destination_Energy: 40447.1060 J
Total_Average_Energy: 39924.9330 J
