Host : Inquiry : Relay : Scanning : Src_Connection : Dst_Connection : Delivering : Receiving : Total (J)

0 30404.5365 0.0000 0.0000 50.2320 0.0000 1.6016 0.0000 30456.3701
1 31568.0105 0.0000 0.0000 56.4720 0.0000 2.0878 0.0000 31626.5703
2 30546.8865 0.0000 0.0000 58.0320 0.0000 1.6588 0.0000 30606.5773
3 28830.9996 0.0000 0.0000 69.8880 0.0000 2.5740 0.0000 28903.4616
4 26715.5837 0.0000 0.0000 73.0080 0.0000 2.1450 0.0000 26790.7367
5 0.0000 1604.3794 37514.1598 4.9920 106.6000 0.2288 0.0770 39230.4370
6 0.0000 844.1355 35413.8330 5.6160 174.8240 0.1716 0.0616 36438.6417
7 0.0000 1523.3348 36417.8750 5.6160 123.6560 0.1716 0.0770 38070.7304
8 0.0000 1134.0550 37580.7796 4.0560 115.1280 0.2002 0.0616 38834.2804
9 0.0000 465.1049 38952.8438 7.8000 63.9600 0.1716 0.0462 39489.9265
10 0.0000 1182.5489 38003.3693 6.2400 123.6560 0.3146 0.0616 39316.1904
11 0.0000 1005.9400 37513.4955 5.6160 123.6560 0.1716 0.0616 38648.9407
12 0.0000 925.0852 37381.0151 5.6160 106.6000 0.1430 0.0616 38418.5209
13 0.0000 1639.6822 36949.0303 4.3680 106.6000 0.1430 0.0770 38699.9005
14 0.0000 1019.8903 37973.4758 5.9280 115.1280 0.1716 0.0616 39114.6553
15 0.0000 1351.9454 36377.9221 6.5520 132.1840 0.2288 0.0770 37868.9093
16 0.0000 681.1922 36492.0868 6.8640 81.0160 0.2288 0.0616 37261.4494
17 0.0000 1244.8033 34992.0974 7.1760 149.2400 0.1144 0.0770 36393.5081
18 0.0000 1579.2309 37057.7857 2.4960 85.2800 0.0286 0.0693 38724.8905
19 0.0000 1089.3571 37332.9008 6.5520 149.2400 0.2288 0.0693 38578.3480
20 0.0000 917.3034 36005.1549 5.9280 102.3360 0.0858 0.0616 37030.8697
21 0.0000 1138.0408 37448.2992 7.8000 123.6560 0.2574 0.0770 38718.1304
22 0.0000 811.2052 37353.1145 5.3040 81.0160 0.1716 0.0616 38250.8729
23 0.0000 1254.2933 35913.6713 4.0560 140.7120 0.0286 0.0770 37312.8382
24 0.0000 1101.8839 36796.0515 6.5520 140.7120 0.1716 0.0770 38045.4480
25 0.0000 1595.0792 37457.8841 4.0560 144.9760 0.2002 0.0693 39202.2648
26 0.0000 925.3699 38991.1834 3.4320 72.4880 0.1716 0.0462 39992.6911
27 0.0000 1134.4346 37474.3018 3.4320 98.0720 0.1144 0.0539 38710.4087
28 0.0000 980.7915 38858.5132 2.8080 81.0160 0.0000 0.0462 39923.1749
29 0.0000 1174.9569 38113.6431 2.8080 102.3360 0.1430 0.0616 39393.9486
30 0.0000 1841.9141 37187.2293 8.7360 93.8080 0.1716 0.0847 39131.9437
31 0.0000 572.1521 38223.6322 3.1200 89.5440 0.0858 0.0462 38888.5803
32 0.0000 1453.2986 36910.7856 7.4880 110.8640 0.1144 0.0770 38482.6276
33 0.0000 862.5461 36701.7209 5.3040 149.2400 0.1430 0.0616 37719.0156
34 0.0000 1216.6180 36788.3646 5.6160 140.7120 0.1430 0.0693 38151.5229
35 0.0000 857.2317 38658.7487 1.5600 68.2240 0.0286 0.0539 39585.8469
36 0.0000 1301.1739 35639.0307 4.3680 153.5040 0.1716 0.0770 37098.3252
37 0.0000 1189.0970 37686.4033 2.4960 89.5440 0.0572 0.0616 38967.6591
38 0.0000 1381.6491 36001.0742 6.8640 149.2400 0.2002 0.0770 37539.1045
39 0.0000 1146.2971 36388.0764 1.8720 149.2400 0.0858 0.0616 37685.6329
40 0.0000 1016.7586 36986.4209 6.2400 123.6560 0.2574 0.0693 38133.4022
41 0.0000 707.3846 38704.3007 2.8080 63.9600 0.0286 0.0539 39478.5358
42 0.0000 1602.4814 36789.8830 6.2400 102.3360 0.1144 0.0770 38501.1318
43 0.0000 1322.2417 37687.5421 4.6800 123.6560 0.2288 0.0770 39138.4256
44 0.0000 1254.3882 37064.8083 7.4880 102.3360 0.1430 0.0693 38429.2328
45 0.0000 1189.0021 36999.5171 4.0560 110.8640 0.0858 0.0693 38303.5943
46 0.0000 1378.7072 36293.0815 5.9280 144.9760 0.0572 0.0770 37822.8269
47 0.0000 1599.0650 35194.4242 5.6160 119.3920 0.1716 0.0770 36918.7458
48 0.0000 1358.4935 36504.8983 3.4320 144.9760 0.1430 0.0693 38012.0121
49 0.0000 1051.9665 37082.7444 8.1120 98.0720 0.1430 0.0693 38241.1072
50 0.0000 659.8397 38948.3835 2.8080 68.2240 0.0858 0.0385 39679.3795
51 0.0000 1216.3333 37894.3292 4.3680 81.0160 0.1716 0.0616 39196.2797
52 0.0000 1097.0440 37018.3073 4.9920 106.6000 0.1144 0.0539 38227.1116
53 0.0000 863.6849 37104.0969 5.9280 136.4480 0.3718 0.0616 38110.5912
54 0.0000 759.2949 37482.1785 5.3040 102.3360 0.2860 0.0616 38349.4610
55 0.0000 1732.4944 38150.3694 2.1840 63.9600 0.0286 0.0693 39949.1057
56 0.0000 1436.4064 36719.6570 4.9920 132.1840 0.1716 0.0693 38293.4803
57 0.0000 451.6291 36850.8088 5.9280 102.3360 0.0572 0.0616 37410.8207
58 0.0000 1053.3900 37257.0757 6.2400 110.8640 0.2860 0.0770 38427.9327
59 0.0000 1148.1002 36280.5547 5.9280 166.2960 0.0858 0.0770 37601.0417
60 0.0000 1803.8592 34825.7377 6.2400 174.8240 0.2002 0.0847 36810.9458
61 0.0000 1624.2135 36739.3962 6.8640 98.0720 0.1430 0.0770 38468.7657
62 0.0000 1036.2131 37961.9929 2.8080 106.6000 0.0572 0.0539 39107.7251
63 0.0000 1203.2371 38088.0201 4.3680 63.9600 0.1144 0.0616 39359.7612
64 0.0000 1177.7090 36644.0217 8.1120 162.0320 0.1716 0.0770 37992.1233
65 0.0000 998.2531 36497.1165 7.1760 106.6000 0.2574 0.0693 37609.4723
66 0.0000 787.3853 38498.2728 3.7440 93.8080 0.0858 0.0462 39383.3421
67 0.0000 822.7830 38022.2544 3.7440 98.0720 0.1144 0.0539 38947.0217
68 0.0000 1716.3614 37421.1578 2.8080 98.0720 0.0572 0.0693 39238.5257
69 0.0000 965.1330 37564.9313 7.1760 81.0160 0.1144 0.0693 38618.4400
70 0.0000 1825.5913 37368.3934 3.1200 115.1280 0.2002 0.0770 39312.5099
71 0.0000 1509.0049 37848.3976 3.1200 98.0720 0.0572 0.0693 39458.7210
72 0.0000 1233.1306 36917.9031 9.3600 127.9200 0.2288 0.0770 38288.6195
73 0.0000 1175.4314 37501.7279 4.3680 123.6560 0.0572 0.0693 38805.3098
74 0.0000 1674.9850 36982.1504 5.3040 132.1840 0.0858 0.0847 38794.7939
75 0.0000 545.3903 37325.3088 5.6160 98.0720 0.1430 0.0616 37974.5917
76 0.0000 1675.8391 35929.9941 3.4320 157.7680 0.1430 0.0770 37767.2532
77 0.0000 1205.9892 37467.2792 5.6160 102.3360 0.2002 0.0693 38781.4899
78 0.0000 1192.2287 37402.6523 6.8640 106.6000 0.2574 0.0616 38708.6640
79 0.0000 956.8767 37974.3299 4.0560 115.1280 0.0858 0.0539 39050.5303
80 0.0000 1414.6743 37179.8271 5.9280 136.4480 0.0286 0.0693 38736.9753
81 0.0000 1506.3477 37570.4355 3.7440 93.8080 0.1144 0.0616 39174.5112
82 0.0000 1212.8220 37324.6445 3.1200 93.8080 0.1716 0.0616 38634.6277
83 0.0000 1464.1172 37278.6180 4.3680 132.1840 0.1144 0.0693 38879.4709
84 0.0000 1425.0184 36444.8266 2.8080 149.2400 0.0858 0.0693 38022.0481
85 0.0000 955.0736 39025.2525 2.1840 51.1680 0.0572 0.0462 40033.7815
86 0.0000 1060.0330 38111.1757 6.2400 106.6000 0.2288 0.0539 39284.3314
87 0.0000 1092.4888 36761.6977 6.5520 81.0160 0.2288 0.0693 37942.0526
88 0.0000 1033.2712 37514.8241 6.8640 59.6960 0.2288 0.0616 38614.9457
89 0.0000 1016.9484 37583.7215 5.9280 98.0720 0.1144 0.0693 38704.8536
90 0.0000 1527.7951 35880.6461 4.9920 149.2400 0.1430 0.0770 37562.8932
91 0.0000 1428.2450 37756.5344 4.3680 102.3360 0.0572 0.0616 39291.6022
92 0.0000 500.9771 37064.8083 7.8000 89.5440 0.0858 0.0616 37663.2768
93 0.0000 1388.3870 37005.7805 5.9280 102.3360 0.1430 0.0770 38502.6515
94 0.0000 987.1498 34540.4683 4.9920 217.4640 0.2288 0.0770 35750.3799
95 0.0000 1205.3249 37209.7206 7.8000 106.6000 0.2002 0.0693 38529.7150
96 0.0000 1335.7175 38086.2170 3.4320 68.2240 0.1144 0.0616 39493.7665
97 0.0000 1282.4786 38369.5884 1.5600 119.3920 0.0286 0.0539 39773.1015
98 0.0000 778.6545 38642.3310 2.8080 85.2800 0.0572 0.0462 39509.1769
99 0.0000 880.0077 37995.3028 4.6800 115.1280 0.1430 0.0539 38995.3154
100 0.0000 1326.2275 37141.8671 6.8640 162.0320 0.1430 0.0770 38637.2106
101 0.0000 1329.9286 37226.4230 4.3680 110.8640 0.1144 0.0770 38671.7750
102 0.0000 954.7889 38160.9033 3.7440 59.6960 0.0858 0.0462 39179.2642
103 0.0000 1364.3773 37761.8488 5.6160 98.0720 0.2002 0.0693 39230.1836
104 0.0000 642.7577 38843.0445 4.6800 51.1680 0.2288 0.0462 39541.9252

Average_Source_Energy: 29676.7432 J
Average_Destination_Energy: 38539.8290 J
Total_Average_Energy: 38117.7773 J
