Host : Inquiry : Relay : Scanning : Src_Connection : Dst_Connection : Delivering : Receiving : Total (J)

0 27973.7679 0.0000 0.0000 66.7680 0.0000 2.2022 0.0000 28042.7381
1 27232.3142 0.0000 0.0000 65.8320 0.0000 2.6598 0.0000 27300.8060
2 28727.4637 0.0000 0.0000 66.1440 0.0000 2.1450 0.0000 28795.7527
3 30313.4325 0.0000 0.0000 54.6000 0.0000 2.0592 0.0000 30370.0917
4 29156.3168 0.0000 0.0000 58.0320 0.0000 2.1736 0.0000 29216.5224
5 0.0000 1216.5231 36830.0257 5.6160 102.3360 0.0000 0.0693 38154.5701
6 0.0000 1210.7342 36111.7276 5.6160 106.6000 0.2288 0.0693 37434.9759
7 0.0000 980.6966 36873.2052 3.4320 144.9760 0.1430 0.0693 38002.5221
8 0.0000 1407.8415 37977.1769 5.6160 89.5440 0.2288 0.0693 39480.4765
9 0.0000 1683.9056 35316.0860 4.3680 187.6160 0.0572 0.0770 37192.1098
10 0.0000 1134.0550 38005.9316 4.0560 76.7520 0.0858 0.0539 39220.9343
11 0.0000 1497.9016 36769.1948 4.6800 132.1840 0.1716 0.0770 38404.2090
12 0.0000 1009.8309 36795.5770 6.5520 140.7120 0.2002 0.0693 37952.9414
13 0.0000 1129.8794 37676.3439 1.2480 102.3360 0.0286 0.0539 38909.8898
14 0.0000 1233.7949 37736.1309 2.4960 89.5440 0.0286 0.0539 39062.0483
15 0.0000 708.5234 38288.3540 3.4320 89.5440 0.0286 0.0462 39089.9282
16 0.0000 1197.4482 36894.2730 5.3040 127.9200 0.1430 0.0693 38225.1575
17 0.0000 1225.9182 37200.1357 4.6800 157.7680 0.0858 0.0693 38588.6570
18 0.0000 895.5713 39003.7102 4.3680 59.6960 0.0858 0.0462 39963.4775
19 0.0000 889.2130 38094.3784 4.0560 76.7520 0.1144 0.0539 39064.5677
20 0.0000 1410.9732 36470.9241 3.7440 132.1840 0.1716 0.0693 38018.0662
21 0.0000 1428.1501 38107.8542 4.0560 81.0160 0.2002 0.0693 39621.3458
22 0.0000 1617.6654 37688.3013 4.9920 102.3360 0.1144 0.0770 39413.4861
23 0.0000 1233.9847 37753.4976 6.5520 115.1280 0.0858 0.0693 39109.3174
24 0.0000 912.0839 38421.5936 3.1200 85.2800 0.0286 0.0539 39422.1600
25 0.0000 702.2600 36977.5952 2.4960 93.8080 0.0286 0.0462 37776.2340
26 0.0000 1246.2268 37189.6967 5.6160 81.0160 0.1144 0.0616 38522.7315
27 0.0000 1242.0512 38314.5464 3.4320 72.4880 0.2002 0.0539 39632.7717
28 0.0000 961.8115 35984.4667 2.1840 106.6000 0.0858 0.0539 37055.2019
29 0.0000 816.2349 37044.2150 6.2400 72.4880 0.1716 0.0693 37939.4188
30 0.0000 719.4369 36712.8242 6.2400 93.8080 0.1430 0.0693 37532.5214
31 0.0000 969.5933 37210.3849 7.1760 102.3360 0.1430 0.0693 38289.7025
32 0.0000 950.6133 35960.7417 6.8640 123.6560 0.2574 0.0616 37042.1940
33 0.0000 1334.0093 37526.8764 7.1760 81.0160 0.2002 0.0770 38949.3549
34 0.0000 1100.4604 37493.5665 4.6800 102.3360 0.1430 0.0616 38701.2475
35 0.0000 1042.8561 38357.9157 2.1840 85.2800 0.0286 0.0462 39488.3106
36 0.0000 1394.0810 37461.0158 4.0560 93.8080 0.1144 0.0693 38953.1445
37 0.0000 984.2079 38491.9145 3.1200 89.5440 0.0858 0.0539 39568.9261
38 0.0000 1303.6413 35517.7485 4.6800 127.9200 0.1430 0.0770 36954.2098
39 0.0000 1331.7317 37710.4130 5.3040 85.2800 0.0858 0.0616 39132.8761
40 0.0000 1384.2114 37865.1949 5.3040 98.0720 0.0858 0.0693 39352.9374
41 0.0000 1017.3280 36962.0316 5.9280 115.1280 0.2002 0.0616 38100.6774
42 0.0000 1091.0653 39124.6128 2.8080 55.4320 0.0858 0.0462 40274.0501
43 0.0000 1434.7931 38678.8675 2.4960 55.4320 0.0000 0.0616 40171.6502
44 0.0000 943.8754 38302.1145 4.6800 89.5440 0.1144 0.0462 39340.3745
45 0.0000 1220.3191 37415.2740 4.0560 93.8080 0.1144 0.0693 38733.6408
46 0.0000 1208.4566 37150.5030 4.3680 119.3920 0.0572 0.0693 38482.8461
47 0.0000 1206.2739 37573.0927 7.1760 106.6000 0.1716 0.0770 38893.3912
48 0.0000 1163.4740 38155.3991 3.7440 85.2800 0.1716 0.0616 39408.1303
49 0.0000 987.6243 36267.9330 6.5520 140.7120 0.2574 0.0770 37403.1557
50 0.0000 1170.7813 37774.5654 3.1200 76.7520 0.1430 0.0539 39025.4156
51 0.0000 956.4022 38608.7364 3.1200 76.7520 0.0572 0.0462 39645.1140
52 0.0000 1000.5307 37156.6715 4.9920 123.6560 0.0572 0.0693 38285.9767
53 0.0000 1140.2235 38632.9359 3.4320 72.4880 0.1144 0.0539 39849.2477
54 0.0000 1504.4497 36196.0937 3.4320 140.7120 0.1144 0.0693 37844.8711
55 0.0000 658.3213 38577.3245 3.7440 72.4880 0.0000 0.0385 39311.9163
56 0.0000 1319.6794 37490.6246 4.0560 89.5440 0.2288 0.0693 38904.2021
57 0.0000 1848.6520 36927.1084 1.8720 119.3920 0.0858 0.0770 38897.1872
58 0.0000 1805.2827 37068.6992 4.0560 132.1840 0.0572 0.0770 39010.3561
59 0.0000 1058.1350 37003.4080 5.9280 136.4480 0.1430 0.0616 38204.1236
60 0.0000 549.6608 37790.3188 1.2480 106.6000 0.0286 0.0385 38447.8947
61 0.0000 1261.9802 35857.6803 5.9280 221.7280 0.2288 0.0693 37347.6146
62 0.0000 695.6170 39205.9421 1.5600 46.9040 0.0572 0.0308 39950.1111
63 0.0000 1075.8813 37782.7268 2.8080 63.9600 0.0858 0.0539 38925.5158
64 0.0000 1123.4262 36640.6053 5.9280 149.2400 0.0858 0.0770 37919.3623
65 0.0000 987.2447 37874.3053 4.9920 76.7520 0.1716 0.0616 38943.5272
66 0.0000 1435.6472 37427.9906 6.8640 110.8640 0.2002 0.0770 38981.6430
67 0.0000 858.6552 39354.2708 2.4960 46.9040 0.0572 0.0385 40262.4217
68 0.0000 1458.2334 37209.7206 2.8080 93.8080 0.0572 0.0693 38764.6965
69 0.0000 1169.7374 37682.9869 1.2480 110.8640 0.0858 0.0539 38964.9760
70 0.0000 1656.4795 35455.9686 2.8080 247.3120 0.0000 0.0847 37362.6528
71 0.0000 1282.9531 38132.2435 3.7440 81.0160 0.0858 0.0539 39500.0963
72 0.0000 535.0462 37625.0979 7.1760 63.9600 0.0858 0.0539 38231.4198
73 0.0000 1047.4113 38200.7613 4.9920 38.3760 0.1430 0.0539 39291.7375
74 0.0000 1451.6853 37653.4730 3.4320 140.7120 0.0858 0.0693 39249.4574
75 0.0000 1240.2481 37104.4765 6.2400 179.0880 0.1430 0.0693 38530.2649
76 0.0000 929.5455 38484.5123 2.8080 72.4880 0.0858 0.0462 39489.4858
77 0.0000 1533.2044 37422.2017 4.6800 93.8080 0.1430 0.0693 39054.1064
78 0.0000 1015.4300 37532.9500 6.5520 119.3920 0.0572 0.0693 38674.4505
79 0.0000 1414.1049 35538.2469 6.5520 187.6160 0.1716 0.0847 37146.7761
80 0.0000 736.2342 38142.6825 6.2400 85.2800 0.1716 0.0539 38970.6622
81 0.0000 1247.5554 38216.3249 5.3040 51.1680 0.1716 0.0616 39520.5855
82 0.0000 1190.4256 38164.0350 2.4960 89.5440 0.0858 0.0616 39446.6480
83 0.0000 6866.7742 37371.4302 4.9920 144.9760 0.2002 0.0847 44388.4573
84 0.0000 970.6372 37586.7583 7.8000 102.3360 0.1716 0.0693 38667.7724
85 0.0000 508.6640 36273.6270 7.1760 115.1280 0.1716 0.0693 36904.8359
86 0.0000 1013.0575 38872.0839 4.0560 68.2240 0.1144 0.0539 39957.5897
87 0.0000 1144.5889 37901.5416 3.4320 102.3360 0.0572 0.0539 39152.0096
88 0.0000 675.7829 38611.2987 4.3680 115.1280 0.1430 0.0462 39406.7668
89 0.0000 974.0536 38259.1248 4.0560 102.3360 0.1430 0.0539 39339.7673
90 0.0000 1426.2521 37174.9872 2.4960 110.8640 0.0858 0.0616 38714.7467
91 0.0000 1139.8439 36006.3886 5.9280 162.0320 0.0858 0.0770 37314.3553
92 0.0000 1204.3759 37545.2870 4.9920 115.1280 0.1716 0.0616 38870.0161
93 0.0000 1338.8492 37190.3610 7.1760 102.3360 0.2574 0.0770 38639.0566
94 0.0000 1406.7027 37808.6345 3.7440 85.2800 0.1144 0.0616 39304.5372
95 0.0000 590.5627 38360.7627 4.9920 102.3360 0.2002 0.0539 39058.9075
96 0.0000 1433.3696 38027.8535 2.4960 81.0160 0.0572 0.0616 39544.8539
97 0.0000 1226.2978 37887.8760 6.2400 119.3920 0.1716 0.0693 39240.0467
98 0.0000 1137.5663 37672.9275 3.4320 72.4880 0.1716 0.0539 38886.6393
99 0.0000 842.7120 36875.1032 5.6160 140.7120 0.1144 0.0616 37864.3192
100 0.0000 1337.9002 36897.9741 7.8000 106.6000 0.1716 0.0770 38350.5229
101 0.0000 1030.9936 38239.6703 5.3040 106.6000 0.2002 0.0539 39382.8220
102 0.0000 1011.5391 36799.3730 4.3680 123.6560 0.0572 0.0616 37939.0549
103 0.0000 1019.9852 38103.2990 4.3680 59.6960 0.2002 0.0616 39187.6100
104 0.0000 1185.4908 37240.5631 4.9920 119.3920 0.0572 0.0693 38550.5644

Average_Source_Energy: 28745.1822 J
Average_Destination_Energy: 38806.5031 J
Total_Average_Energy: 38327.3926 J
