Host : Inquiry : Relay : Scanning : Src_Connection : Dst_Connection : Delivering : Receiving : Total (J)

0 32145.0974 0.0000 0.0000 53.6640 0.0000 2.6884 0.0000 32201.4498
1 27322.0896 0.0000 0.0000 61.7760 0.0000 3.2890 0.0000 27387.1546
2 28627.6289 0.0000 0.0000 69.8880 0.0000 4.0040 0.0000 28701.5209
3 28245.7513 0.0000 0.0000 63.9600 0.0000 3.9754 0.0000 28313.6867
4 30533.5056 0.0000 0.0000 58.3440 0.0000 3.4606 0.0000 30595.3102
5 0.0000 0.0000 40447.6137 0.0000 46.9040 0.0000 0.0539 40494.5716
6 0.0000 0.0000 40155.7013 0.0000 59.6960 0.0000 0.0385 40215.4358
7 0.0000 0.0000 40776.7269 0.0000 25.5840 0.0000 0.0308 40802.3417
8 0.0000 0.0000 40543.1780 0.0000 46.9040 0.0000 0.0539 40590.1359
9 0.0000 0.0000 40362.1088 0.0000 55.4320 0.0000 0.0616 40417.6024
10 0.0000 0.0000 40508.7293 0.0000 42.6400 0.0000 0.0539 40551.4232
11 0.0000 0.0000 40259.0474 0.0000 38.3760 0.0000 0.0462 40297.4696
12 0.0000 0.0000 40210.3637 0.0000 55.4320 0.0000 0.0385 40265.8342
13 0.0000 0.0000 40292.1675 0.0000 68.2240 0.0000 0.0693 40360.4608
14 0.0000 0.0000 40324.8131 0.0000 59.6960 0.0000 0.0616 40384.5707
15 0.0000 0.0000 40746.0742 0.0000 25.5840 0.0000 0.0308 40771.6890
16 0.0000 0.0000 40050.0776 0.0000 46.9040 0.0000 0.0539 40097.0355
17 0.0000 0.0000 40114.5147 0.0000 76.7520 0.0000 0.0847 40191.3514
18 0.0000 0.0000 40319.6885 0.0000 51.1680 0.0000 0.0770 40370.9335
19 0.0000 0.0000 39873.9432 0.0000 55.4320 0.0000 0.0539 39929.4291
20 0.0000 0.0000 40127.5160 0.0000 42.6400 0.0000 0.0539 40170.2099
21 0.0000 0.0000 40252.0248 0.0000 42.6400 0.0000 0.0462 40294.7110
22 0.0000 0.0000 40279.0713 0.0000 42.6400 0.0000 0.0462 40321.7575
23 0.0000 0.0000 40518.0295 0.0000 34.1120 0.0000 0.0385 40552.1800
24 0.0000 0.0000 40564.6254 0.0000 34.1120 0.0000 0.0462 40598.7836
25 0.0000 0.0000 39701.6048 0.0000 63.9600 0.0000 0.0693 39765.6341
26 0.0000 0.0000 40633.0483 0.0000 29.8480 0.0000 0.0385 40662.9348
27 0.0000 0.0000 40573.1664 0.0000 34.1120 0.0000 0.0385 40607.3169
28 0.0000 0.0000 39998.4520 0.0000 76.7520 0.0000 0.0693 40075.2733
29 0.0000 0.0000 39796.6946 0.0000 51.1680 0.0000 0.0539 39847.9165
30 0.0000 0.0000 39831.2382 0.0000 25.5840 0.0000 0.0385 39856.8607
31 0.0000 0.0000 40454.3516 0.0000 42.6400 0.0000 0.0616 40497.0532
32 0.0000 0.0000 40504.0792 0.0000 29.8480 0.0000 0.0462 40533.9734
33 0.0000 0.0000 40287.6123 0.0000 51.1680 0.0000 0.0539 40338.8342
34 0.0000 0.0000 40188.3469 0.0000 29.8480 0.0000 0.0308 40218.2257
35 0.0000 0.0000 40751.0090 0.0000 21.3200 0.0000 0.0308 40772.3598
36 0.0000 0.0000 40261.7995 0.0000 34.1120 0.0000 0.0462 40295.9577
37 0.0000 0.0000 40653.6416 0.0000 34.1120 0.0000 0.0462 40687.7998
38 0.0000 0.0000 40883.7741 0.0000 17.0560 0.0000 0.0231 40900.8532
39 0.0000 0.0000 40610.0825 0.0000 38.3760 0.0000 0.0462 40648.5047
40 0.0000 0.0000 40584.9340 0.0000 42.6400 0.0000 0.0462 40627.6202
41 0.0000 0.0000 39515.6008 0.0000 55.4320 0.0000 0.0462 39571.0790
42 0.0000 0.0000 40579.0502 0.0000 29.8480 0.0000 0.0462 40608.9444
43 0.0000 0.0000 40592.9056 0.0000 42.6400 0.0000 0.0385 40635.5841
44 0.0000 0.0000 40506.1670 0.0000 38.3760 0.0000 0.0385 40544.5815
45 0.0000 0.0000 40531.9798 0.0000 38.3760 0.0000 0.0462 40570.4020
46 0.0000 0.0000 40270.2456 0.0000 38.3760 0.0000 0.0385 40308.6601
47 0.0000 0.0000 40126.0925 0.0000 46.9040 0.0000 0.0462 40173.0427
48 0.0000 0.0000 40963.9646 0.0000 4.2640 0.0000 0.0077 40968.2363
49 0.0000 0.0000 40147.3501 0.0000 51.1680 0.0000 0.0462 40198.5643
50 0.0000 0.0000 40670.9134 0.0000 29.8480 0.0000 0.0308 40700.7922
51 0.0000 0.0000 40526.0011 0.0000 34.1120 0.0000 0.0308 40560.1439
52 0.0000 0.0000 40115.2739 0.0000 59.6960 0.0000 0.0616 40175.0315
53 0.0000 0.0000 40580.7584 0.0000 38.3760 0.0000 0.0462 40619.1806
54 0.0000 0.0000 40563.3917 0.0000 38.3760 0.0000 0.0462 40601.8139
55 0.0000 0.0000 40776.4422 0.0000 25.5840 0.0000 0.0308 40802.0570
56 0.0000 0.0000 40296.8176 0.0000 34.1120 0.0000 0.0462 40330.9758
57 0.0000 0.0000 40220.7078 0.0000 63.9600 0.0000 0.0539 40284.7217
58 0.0000 0.0000 39540.2748 0.0000 51.1680 0.0000 0.0385 39591.4813
59 0.0000 0.0000 40542.5137 0.0000 42.6400 0.0000 0.0462 40585.1999
60 0.0000 0.0000 40198.8808 0.0000 51.1680 0.0000 0.0385 40250.0873
61 0.0000 0.0000 40663.6061 0.0000 38.3760 0.0000 0.0539 40702.0360
62 0.0000 0.0000 40331.9306 0.0000 38.3760 0.0000 0.0462 40370.3528
63 0.0000 0.0000 40398.8351 0.0000 42.6400 0.0000 0.0539 40441.5290
64 0.0000 0.0000 39988.0130 0.0000 42.6400 0.0000 0.0462 40030.6992
65 0.0000 0.0000 40623.2736 0.0000 29.8480 0.0000 0.0385 40653.1601
66 0.0000 0.0000 39967.0401 0.0000 72.4880 0.0000 0.0616 40039.5897
67 0.0000 0.0000 40527.2348 0.0000 34.1120 0.0000 0.0462 40561.3930
68 0.0000 0.0000 40239.0235 0.0000 38.3760 0.0000 0.0385 40277.4380
69 0.0000 0.0000 38375.1875 0.0000 46.9040 0.0000 0.0462 38422.1377
70 0.0000 0.0000 40452.0740 0.0000 38.3760 0.0000 0.0385 40490.4885
71 0.0000 0.0000 39746.2078 0.0000 55.4320 0.0000 0.0462 39801.6860
72 0.0000 0.0000 40298.0513 0.0000 63.9600 0.0000 0.0462 40362.0575
73 0.0000 0.0000 40676.4176 0.0000 29.8480 0.0000 0.0385 40706.3041
74 0.0000 0.0000 40170.5057 0.0000 59.6960 0.0000 0.0539 40230.2556
75 0.0000 0.0000 39787.9638 0.0000 59.6960 0.0000 0.0539 39847.7137
76 0.0000 0.0000 40316.9364 0.0000 51.1680 0.0000 0.0693 40368.1737
77 0.0000 0.0000 40022.2719 0.0000 38.3760 0.0000 0.0385 40060.6864
78 0.0000 0.0000 40711.1510 0.0000 25.5840 0.0000 0.0462 40736.7812
79 0.0000 0.0000 39949.0091 0.0000 46.9040 0.0000 0.0462 39995.9593
80 0.0000 0.0000 40048.4643 0.0000 42.6400 0.0000 0.0462 40091.1505
81 0.0000 0.0000 40720.2614 0.0000 25.5840 0.0000 0.0385 40745.8839
82 0.0000 0.0000 40348.1585 0.0000 51.1680 0.0000 0.0539 40399.3804
83 0.0000 0.0000 39768.5093 0.0000 34.1120 0.0000 0.0308 39802.6521
84 0.0000 0.0000 40493.4504 0.0000 46.9040 0.0000 0.0539 40540.4083
85 0.0000 0.0000 40626.5951 0.0000 38.3760 0.0000 0.0616 40665.0327
86 0.0000 0.0000 40509.8681 0.0000 17.0560 0.0000 0.0308 40526.9549
87 0.0000 0.0000 40034.7038 0.0000 46.9040 0.0000 0.0539 40081.6617
88 0.0000 0.0000 40739.1465 0.0000 25.5840 0.0000 0.0385 40764.7690
89 0.0000 0.0000 40520.0224 0.0000 42.6400 0.0000 0.0539 40562.7163
90 0.0000 0.0000 40655.0651 0.0000 29.8480 0.0000 0.0462 40684.9593
91 0.0000 0.0000 40616.6306 0.0000 38.3760 0.0000 0.0462 40655.0528
92 0.0000 0.0000 39778.7585 0.0000 34.1120 0.0000 0.0385 39812.9090
93 0.0000 0.0000 40588.0657 0.0000 38.3760 0.0000 0.0616 40626.5033
94 0.0000 0.0000 39906.3041 0.0000 42.6400 0.0000 0.0308 39948.9749
95 0.0000 0.0000 40754.6152 0.0000 21.3200 0.0000 0.0385 40775.9737
96 0.0000 0.0000 39955.2725 0.0000 29.8480 0.0000 0.0385 39985.1590
97 0.0000 0.0000 40666.8327 0.0000 29.8480 0.0000 0.0462 40696.7269
98 0.0000 0.0000 40130.0783 0.0000 34.1120 0.0000 0.0385 40164.2288
99 0.0000 0.0000 40505.1231 0.0000 42.6400 0.0000 0.0616 40547.8247
100 0.0000 0.0000 40202.9615 0.0000 34.1120 0.0000 0.0462 40237.1197
101 0.0000 0.0000 39866.3512 0.0000 51.1680 0.0000 0.0539 39917.5731
102 0.0000 0.0000 39852.4958 0.0000 55.4320 0.0000 0.0462 39907.9740
103 0.0000 0.0000 38938.1343 0.0000 42.6400 0.0000 0.0539 38980.8282
104 0.0000 0.0000 39699.3272 0.0000 68.2240 0.0000 0.0693 39767.6205

Average_Source_Energy: 29439.8244 J
Average_Destination_Energy: 40330.8410 J
Total_Average_Energy: 39812.2212 J
