Host : Inquiry : Relay : Scanning : Src_Connection : Dst_Connection : Delivering : Receiving : Total (J)

0 5487.0186 0.0000 0.0000 21.7770 0.0000 32.0040 0.0000 5540.7996
1 5525.8384 0.0000 0.0000 21.7770 0.0000 34.0360 0.0000 5581.6514
2 5485.9600 0.0000 0.0000 27.8160 0.0000 45.2120 0.0000 5558.9880
3 5570.9830 0.0000 0.0000 25.0710 0.0000 41.3639 0.0000 5637.4179
4 5487.3000 0.0000 0.0000 25.2540 0.0000 38.1000 0.0000 5550.6540
5 0.0000 109.6809 602.9004 2.1960 16.2340 1.0160 2.8560 734.8833
6 0.0000 129.3430 607.9631 0.9150 10.5521 0.5080 3.3320 752.6132
7 0.0000 150.5148 604.6915 0.5490 10.5521 0.5080 3.3320 770.1474
8 0.0000 188.4260 592.3728 4.0260 17.8574 5.5880 4.2840 812.5543
9 0.0000 144.7589 605.0230 1.2810 6.4936 1.5240 3.3320 762.4125
10 0.0000 63.1136 622.8109 0.7320 4.8702 1.0160 1.4280 693.9707
11 0.0000 84.5381 607.0159 2.0130 13.7989 3.0099 2.7727 713.1486
12 0.0000 84.6274 605.3809 1.2810 12.1755 2.0320 3.2011 708.6979
13 0.0000 182.1050 594.8121 2.3790 14.6106 1.5240 4.2840 799.7147
14 0.0000 168.3847 591.2637 1.6470 11.3638 2.0320 3.8080 778.4991
15 0.0000 182.0158 590.6259 1.8300 16.2340 1.5240 4.2840 796.5136
16 0.0000 104.9662 609.0546 0.7320 8.1170 0.0000 2.8560 725.7258
17 0.0000 148.6408 603.1125 1.2810 12.1755 1.5240 3.3320 770.0657
18 0.0000 131.1724 602.8238 1.4640 17.0457 1.5240 3.3320 757.3619
19 0.0000 98.3254 613.8669 0.5490 8.1170 1.0160 1.9040 723.7783
20 0.0000 62.8161 623.0481 0.9150 2.4351 2.5400 1.4280 693.1823
21 0.0000 133.7752 604.1392 1.8300 10.5521 2.5400 3.3320 756.1685
22 0.0000 114.0759 608.4786 1.0980 13.7989 2.0320 2.8560 742.3394
23 0.0000 143.7104 604.8521 2.1960 8.1170 2.0320 3.3320 764.2395
24 0.0000 125.5430 607.6405 1.2810 6.4936 1.0160 2.8560 744.8301
25 0.0000 127.3278 609.1282 1.4640 8.1170 0.0000 2.8560 748.8930
26 0.0000 145.3166 598.7229 1.0980 11.3638 1.5240 3.3320 761.3574
27 0.0000 109.0711 609.0943 0.7320 8.9287 1.0160 3.8080 732.6502
28 0.0000 100.5638 613.6002 0.3660 9.7404 0.5080 1.9040 726.6824
29 0.0000 107.1525 610.5040 0.5490 13.7989 0.5080 2.8560 735.3684
30 0.0000 147.4732 599.6215 1.2810 14.6106 2.0320 3.3320 768.3503
31 0.0000 205.4110 590.0484 0.9150 18.6691 1.5240 4.7600 821.3276
32 0.0000 82.6641 618.0737 0.7320 7.3053 1.0160 1.9040 711.6952
33 0.0000 151.2361 596.2910 2.3790 17.8574 1.5240 4.2840 773.5715
34 0.0000 114.6262 607.2973 1.8300 14.6106 3.5560 2.8560 744.7761
35 0.0000 148.3061 604.5531 0.9150 13.7989 1.5240 3.3320 772.4291
36 0.0000 200.4062 592.0753 2.0130 17.0457 3.0480 4.7600 819.3482
37 0.0000 151.9946 599.8984 2.0130 8.1170 1.5240 4.2840 767.8310
38 0.0000 104.2746 613.0567 0.9150 9.7404 0.0000 2.7132 730.6999
39 0.0000 146.0975 604.2570 0.7320 13.7989 1.5240 3.3320 769.7414
40 0.0000 127.1939 607.2428 0.9150 17.0457 1.5240 2.8560 756.7774
41 0.0000 102.4824 613.7372 0.9150 6.4936 2.0320 2.3800 728.0402
42 0.0000 127.3129 607.6744 1.4640 9.7404 0.5080 2.8560 749.5556
43 0.0000 125.4389 609.1429 0.9150 9.7404 0.4191 2.8560 748.5123
44 0.0000 130.4213 609.0133 0.5490 8.9287 0.5080 2.8560 752.2764
45 0.0000 81.9577 617.9544 0.3660 8.1170 0.5080 1.9040 710.8071
46 0.0000 128.9415 601.9783 1.4640 12.9872 1.5240 3.3320 750.2269
47 0.0000 148.5069 604.4942 1.0980 8.9287 1.5240 3.3320 767.8838
48 0.0000 116.4035 608.9573 0.9150 12.9872 0.0000 2.8560 742.1191
49 0.0000 148.3061 603.4955 1.2810 12.9872 1.0160 3.3320 770.4178
50 0.0000 142.3420 604.8447 1.2810 8.9287 2.0320 3.8080 763.2365
51 0.0000 110.4692 608.6245 1.4640 14.6106 0.5080 3.3320 739.0083
52 0.0000 189.6307 594.4616 1.8300 20.2925 3.5560 4.7600 814.5308
53 0.0000 113.9867 608.4094 0.3660 15.4223 0.5080 2.8560 741.5484
54 0.0000 99.6491 613.8786 0.3660 7.3053 0.5080 2.3800 724.0870
55 0.0000 163.2386 600.2917 2.0130 9.7404 4.5720 3.8080 783.6637
56 0.0000 123.1707 604.2614 1.6470 13.7989 1.0160 3.3320 747.2261
57 0.0000 104.3341 613.7358 0.3660 8.9287 0.5080 2.3800 730.2526
58 0.0000 105.5760 607.1603 1.0980 17.0457 0.5080 2.3800 733.7680
59 0.0000 125.2827 608.6156 0.9150 8.1170 1.0160 2.8560 746.8023
60 0.0000 163.3130 598.9380 2.0130 18.6691 1.5240 3.8080 788.2651
61 0.0000 139.5534 602.3627 2.1960 17.0457 1.0160 3.3320 765.5058
62 0.0000 158.6131 600.2210 1.2810 11.3638 0.5080 4.2840 776.2709
63 0.0000 102.9063 613.7225 1.4640 7.3053 1.5240 2.3800 729.3021
64 0.0000 122.8733 609.3786 1.4640 9.7404 1.0160 3.3320 747.8043
65 0.0000 141.0407 604.9243 2.3790 9.7404 3.5560 3.3320 764.9723
66 0.0000 161.7067 595.0905 2.9280 22.7276 4.0640 3.8080 790.3248
67 0.0000 167.5964 597.0938 1.6470 12.9872 2.0320 3.8080 785.1644
68 0.0000 81.6379 618.1106 1.0980 8.1170 0.0000 1.9040 710.8675
69 0.0000 170.5413 600.3182 1.8300 8.9287 3.0480 3.8080 788.4742
70 0.0000 125.6174 604.6856 1.6470 13.7989 2.5400 3.3320 751.6209
71 0.0000 128.5622 604.3734 1.4640 11.3638 1.0160 3.3320 750.1114
72 0.0000 100.8836 613.6503 0.9150 8.1170 1.0160 2.3800 726.9619
73 0.0000 122.0999 609.0870 1.8300 9.7404 0.5080 2.8560 746.1213
74 0.0000 147.7112 602.4187 1.6470 12.9872 1.5240 4.2840 770.5721
75 0.0000 135.3220 604.2246 1.8300 13.7989 2.5400 3.8080 761.5235
76 0.0000 226.6645 582.1900 2.5620 24.3510 3.0480 5.2360 844.0515
77 0.0000 135.8425 604.2762 1.6470 12.1755 3.0480 3.3320 760.3212
78 0.0000 139.7467 598.8835 1.8300 12.1755 1.0160 4.2840 757.9357
79 0.0000 107.3682 614.0922 0.5490 5.6819 0.5080 2.3800 730.5793
80 0.0000 211.3379 589.3488 2.1960 15.4223 2.0320 4.7600 825.0970
81 0.0000 135.4707 604.8771 1.2810 8.9287 2.0320 3.3320 755.9216
82 0.0000 180.7441 595.9390 2.1960 11.3638 2.5400 4.2840 797.0669
83 0.0000 127.9524 609.4317 1.2810 6.4936 1.0160 2.8560 749.0307
84 0.0000 66.3782 616.2399 0.5490 8.1170 0.5080 1.9040 693.6961
85 0.0000 106.6320 612.8976 0.7320 8.1170 1.5240 1.9040 731.8066
86 0.0000 170.3628 600.0914 1.8300 10.5521 1.0160 3.3320 787.1842
87 0.0000 126.3684 609.3727 0.5490 6.4936 1.0160 2.8560 746.6558
88 0.0000 129.7818 609.2343 0.3660 8.9287 0.0000 2.8560 751.1668
89 0.0000 122.5015 609.4788 0.9150 6.4936 0.5080 2.8560 742.7529
90 0.0000 141.3902 604.6076 2.5620 9.7404 3.0480 3.3320 764.6802
91 0.0000 100.8984 605.4722 0.7320 7.3053 0.5080 2.3800 717.2960
92 0.0000 96.6671 611.7104 1.6470 10.5521 3.0353 2.8560 726.4678
93 0.0000 103.2335 613.7328 1.2810 8.1170 1.5240 2.3800 730.2683
94 0.0000 105.3603 614.0893 1.2810 4.0585 1.5240 2.3800 728.6931
95 0.0000 149.0572 602.5262 0.5490 15.4223 0.5080 2.8560 770.9187
96 0.0000 145.7851 604.0184 1.8300 14.6106 3.0480 3.3320 772.6241
97 0.0000 171.1362 600.3005 1.2810 10.5521 1.0160 4.2840 788.5698
98 0.0000 128.6663 609.3580 1.2810 6.4936 2.5400 2.8560 751.1949
99 0.0000 117.8760 607.9822 1.6470 7.3053 1.5240 2.8560 739.1905
100 0.0000 124.8068 609.4420 1.0980 7.3053 1.0160 3.2963 746.9643
101 0.0000 164.0120 595.9198 1.8300 14.6106 1.5240 4.7600 782.6564
102 0.0000 86.4344 618.2446 0.3660 6.4936 0.5080 1.9040 713.9507
103 0.0000 162.9486 594.3526 0.9150 17.0457 1.0160 3.8080 780.0858
104 0.0000 113.7561 608.3004 1.2810 16.2340 1.5240 3.7961 744.8916

Average_Source_Energy: 5573.9022 J
Average_Destination_Energy: 754.7189 J
Total_Average_Energy: 984.2038 J
