Host : Inquiry : Relay : Scanning : Src_Connection : Dst_Connection : Delivering : Receiving : Total (J)

0 30404.5365 0.0000 0.0000 50.2320 0.0000 2.8028 0.0000 30457.5713
1 31568.0105 0.0000 0.0000 56.4720 0.0000 3.6036 0.0000 31628.0861
2 30546.8865 0.0000 0.0000 58.0320 0.0000 3.1746 0.0000 30608.0931
3 28830.9996 0.0000 0.0000 69.8880 0.0000 4.1470 0.0000 28905.0346
4 26715.5837 0.0000 0.0000 73.0080 0.0000 3.9754 0.0000 26792.5671
5 0.0000 0.0000 40325.6672 0.0000 42.6400 0.0000 0.0539 40368.3611
6 0.0000 0.0000 39778.2840 0.0000 46.9040 0.0000 0.0462 39825.2342
7 0.0000 0.0000 40319.8783 0.0000 55.4320 0.0000 0.0616 40375.3719
8 0.0000 0.0000 40140.2326 0.0000 38.3760 0.0000 0.0385 40178.6471
9 0.0000 0.0000 40705.7417 0.0000 29.8480 0.0000 0.0385 40735.6282
10 0.0000 0.0000 40613.3091 0.0000 46.9040 0.0000 0.0616 40660.2747
11 0.0000 0.0000 40395.2289 0.0000 59.6960 0.0000 0.0616 40454.9865
12 0.0000 0.0000 40238.8337 0.0000 42.6400 0.0000 0.0539 40281.5276
13 0.0000 0.0000 40484.8145 0.0000 34.1120 0.0000 0.0462 40518.9727
14 0.0000 0.0000 40533.7829 0.0000 42.6400 0.0000 0.0462 40576.4691
15 0.0000 0.0000 39247.6032 0.0000 38.3760 0.0000 0.0616 39286.0408
16 0.0000 0.0000 40808.4235 0.0000 17.0560 0.0000 0.0231 40825.5026
17 0.0000 0.0000 39328.6478 0.0000 59.6960 0.0000 0.0539 39388.3977
18 0.0000 0.0000 39742.3169 0.0000 29.8480 0.0000 0.0539 39772.2188
19 0.0000 0.0000 40031.2874 0.0000 38.3760 0.0000 0.0385 40069.7019
20 0.0000 0.0000 39810.1704 0.0000 51.1680 0.0000 0.0462 39861.3846
21 0.0000 0.0000 40452.4536 0.0000 51.1680 0.0000 0.0616 40503.6832
22 0.0000 0.0000 40571.3633 0.0000 42.6400 0.0000 0.0462 40614.0495
23 0.0000 0.0000 40479.7848 0.0000 38.3760 0.0000 0.0462 40518.2070
24 0.0000 0.0000 39582.4104 0.0000 63.9600 0.0000 0.0616 39646.4320
25 0.0000 0.0000 40450.5556 0.0000 34.1120 0.0000 0.0231 40484.6907
26 0.0000 0.0000 40533.3084 0.0000 46.9040 0.0000 0.0385 40580.2509
27 0.0000 0.0000 39980.4210 0.0000 42.6400 0.0000 0.0462 40023.1072
28 0.0000 0.0000 40685.4331 0.0000 29.8480 0.0000 0.0462 40715.3273
29 0.0000 0.0000 40703.7488 0.0000 29.8480 0.0000 0.0308 40733.6276
30 0.0000 0.0000 40137.3856 0.0000 51.1680 0.0000 0.0616 40188.6152
31 0.0000 0.0000 39932.4016 0.0000 38.3760 0.0000 0.0462 39970.8238
32 0.0000 0.0000 40133.8743 0.0000 55.4320 0.0000 0.0693 40189.3756
33 0.0000 0.0000 40291.3134 0.0000 29.8480 0.0000 0.0308 40321.1922
34 0.0000 0.0000 40537.7687 0.0000 38.3760 0.0000 0.0539 40576.1986
35 0.0000 0.0000 40384.4103 0.0000 34.1120 0.0000 0.0462 40418.5685
36 0.0000 0.0000 39928.4158 0.0000 68.2240 0.0000 0.0693 39996.7091
37 0.0000 0.0000 40733.1678 0.0000 29.8480 0.0000 0.0462 40763.0620
38 0.0000 0.0000 40499.9985 0.0000 38.3760 0.0000 0.0539 40538.4284
39 0.0000 0.0000 40535.9656 0.0000 42.6400 0.0000 0.0539 40578.6595
40 0.0000 0.0000 40186.1642 0.0000 29.8480 0.0000 0.0308 40216.0430
41 0.0000 0.0000 40257.2443 0.0000 25.5840 0.0000 0.0462 40282.8745
42 0.0000 0.0000 40689.3240 0.0000 25.5840 0.0000 0.0385 40714.9465
43 0.0000 0.0000 40594.4240 0.0000 38.3760 0.0000 0.0539 40632.8539
44 0.0000 0.0000 40314.1843 0.0000 46.9040 0.0000 0.0616 40361.1499
45 0.0000 0.0000 40298.5258 0.0000 51.1680 0.0000 0.0385 40349.7323
46 0.0000 0.0000 40450.4607 0.0000 59.6960 0.0000 0.0539 40510.2106
47 0.0000 0.0000 40710.3918 0.0000 17.0560 0.0000 0.0308 40727.4786
48 0.0000 0.0000 39909.9103 0.0000 46.9040 0.0000 0.0385 39956.8528
49 0.0000 0.0000 40642.2536 0.0000 34.1120 0.0000 0.0462 40676.4118
50 0.0000 0.0000 40598.3149 0.0000 34.1120 0.0000 0.0231 40632.4500
51 0.0000 0.0000 40414.6834 0.0000 34.1120 0.0000 0.0462 40448.8416
52 0.0000 0.0000 40052.7348 0.0000 38.3760 0.0000 0.0462 40091.1570
53 0.0000 0.0000 39765.4725 0.0000 38.3760 0.0000 0.0462 39803.8947
54 0.0000 0.0000 40698.9089 0.0000 29.8480 0.0000 0.0385 40728.7954
55 0.0000 0.0000 40805.0071 0.0000 17.0560 0.0000 0.0308 40822.0939
56 0.0000 0.0000 40565.1948 0.0000 38.3760 0.0000 0.0539 40603.6247
57 0.0000 0.0000 40010.1247 0.0000 51.1680 0.0000 0.0462 40061.3389
58 0.0000 0.0000 40348.6330 0.0000 46.9040 0.0000 0.0539 40395.5909
59 0.0000 0.0000 40279.7356 0.0000 51.1680 0.0000 0.0539 40330.9575
60 0.0000 0.0000 40043.7193 0.0000 46.9040 0.0000 0.0616 40090.6849
61 0.0000 0.0000 40628.5880 0.0000 34.1120 0.0000 0.0462 40662.7462
62 0.0000 0.0000 40560.0702 0.0000 42.6400 0.0000 0.0385 40602.7487
63 0.0000 0.0000 40008.1318 0.0000 42.6400 0.0000 0.0462 40050.8180
64 0.0000 0.0000 40273.1875 0.0000 46.9040 0.0000 0.0462 40320.1377
65 0.0000 0.0000 40384.0307 0.0000 51.1680 0.0000 0.0693 40435.2680
66 0.0000 0.0000 40611.3162 0.0000 25.5840 0.0000 0.0231 40636.9233
67 0.0000 0.0000 40408.7047 0.0000 38.3760 0.0000 0.0462 40447.1269
68 0.0000 0.0000 39993.1376 0.0000 42.6400 0.0000 0.0462 40035.8238
69 0.0000 0.0000 40802.8244 0.0000 12.7920 0.0000 0.0231 40815.6395
70 0.0000 0.0000 40435.1818 0.0000 42.6400 0.0000 0.0539 40477.8757
71 0.0000 0.0000 40351.5749 0.0000 51.1680 0.0000 0.0616 40402.8045
72 0.0000 0.0000 40378.4316 0.0000 55.4320 0.0000 0.0539 40433.9175
73 0.0000 0.0000 40412.6905 0.0000 55.4320 0.0000 0.0693 40468.1918
74 0.0000 0.0000 40242.6297 0.0000 46.9040 0.0000 0.0693 40289.6030
75 0.0000 0.0000 40632.4789 0.0000 34.1120 0.0000 0.0462 40666.6371
76 0.0000 0.0000 39651.7823 0.0000 55.4320 0.0000 0.0539 39707.2682
77 0.0000 0.0000 40442.8687 0.0000 51.1680 0.0000 0.0539 40494.0906
78 0.0000 0.0000 40547.9230 0.0000 42.6400 0.0000 0.0385 40590.6015
79 0.0000 0.0000 40117.2668 0.0000 55.4320 0.0000 0.0539 40172.7527
80 0.0000 0.0000 40662.4673 0.0000 34.1120 0.0000 0.0462 40696.6255
81 0.0000 0.0000 40724.8166 0.0000 25.5840 0.0000 0.0385 40750.4391
82 0.0000 0.0000 40165.9505 0.0000 55.4320 0.0000 0.0539 40221.4364
83 0.0000 0.0000 40468.1121 0.0000 55.4320 0.0000 0.0539 40523.5980
84 0.0000 0.0000 39931.3577 0.0000 59.6960 0.0000 0.0539 39991.1076
85 0.0000 0.0000 40632.7636 0.0000 29.8480 0.0000 0.0385 40662.6501
86 0.0000 0.0000 40568.2316 0.0000 51.1680 0.0000 0.0539 40619.4535
87 0.0000 0.0000 40408.5149 0.0000 34.1120 0.0000 0.0462 40442.6731
88 0.0000 0.0000 40354.8964 0.0000 34.1120 0.0000 0.0462 40389.0546
89 0.0000 0.0000 40060.6115 0.0000 46.9040 0.0000 0.0308 40107.5463
90 0.0000 0.0000 40217.9557 0.0000 34.1120 0.0000 0.0385 40252.1062
91 0.0000 0.0000 40132.9253 0.0000 42.6400 0.0000 0.0385 40175.6038
92 0.0000 0.0000 40429.2980 0.0000 38.3760 0.0000 0.0385 40467.7125
93 0.0000 0.0000 40389.2502 0.0000 38.3760 0.0000 0.0462 40427.6724
94 0.0000 0.0000 39346.2992 0.0000 85.2800 0.0000 0.0693 39431.6485
95 0.0000 0.0000 40334.7776 0.0000 59.6960 0.0000 0.0693 40394.5429
96 0.0000 0.0000 39968.4636 0.0000 51.1680 0.0000 0.0616 40019.6932
97 0.0000 0.0000 40394.1850 0.0000 59.6960 0.0000 0.0385 40453.9195
98 0.0000 0.0000 40695.4925 0.0000 29.8480 0.0000 0.0385 40725.3790
99 0.0000 0.0000 40436.5104 0.0000 42.6400 0.0000 0.0462 40479.1966
100 0.0000 0.0000 40253.6381 0.0000 51.1680 0.0000 0.0539 40304.8600
101 0.0000 0.0000 40581.1380 0.0000 38.3760 0.0000 0.0539 40619.5679
102 0.0000 0.0000 40039.6386 0.0000 34.1120 0.0000 0.0385 40073.7891
103 0.0000 0.0000 40198.1216 0.0000 51.1680 0.0000 0.0539 40249.3435
104 0.0000 0.0000 40876.5617 0.0000 12.7920 0.0000 0.0231 40889.3768

Average_Source_Energy: 29678.2704 J
Average_Destination_Energy: 40360.5768 J
Total_Average_Energy: 39851.8956 J
