Host : Inquiry : Relay : Scanning : Src_Connection : Dst_Connection : Delivering : Receiving : Total (J)

0 29160.2077 0.0000 0.0000 59.2800 0.0000 3.1174 0.0000 29222.6051
1 30046.6686 0.0000 0.0000 61.7760 0.0000 3.1460 0.0000 30111.5906
2 31795.2011 0.0000 0.0000 57.0960 0.0000 3.1460 0.0000 31855.4431
3 28332.5848 0.0000 0.0000 65.8320 0.0000 4.4044 0.0000 28402.8212
4 29029.9100 0.0000 0.0000 63.9600 0.0000 3.6894 0.0000 29097.5594
5 0.0000 0.0000 40852.2673 0.0000 17.0560 0.0000 0.0308 40869.3541
6 0.0000 0.0000 40589.5841 0.0000 42.6400 0.0000 0.0462 40632.2703
7 0.0000 0.0000 40350.1514 0.0000 46.9040 0.0000 0.0385 40397.0939
8 0.0000 0.0000 39956.7909 0.0000 42.6400 0.0000 0.0539 39999.4848
9 0.0000 0.0000 40621.0909 0.0000 34.1120 0.0000 0.0385 40655.2414
10 0.0000 0.0000 39674.7481 0.0000 55.4320 0.0000 0.0616 39730.2417
11 0.0000 0.0000 40130.0783 0.0000 46.9040 0.0000 0.0385 40177.0208
12 0.0000 0.0000 40791.9109 0.0000 21.3200 0.0000 0.0308 40813.2617
13 0.0000 0.0000 40763.7256 0.0000 21.3200 0.0000 0.0385 40785.0841
14 0.0000 0.0000 39117.9698 0.0000 55.4320 0.0000 0.0693 39173.4711
15 0.0000 0.0000 40673.9502 0.0000 29.8480 0.0000 0.0462 40703.8444
16 0.0000 0.0000 40325.4774 0.0000 34.1120 0.0000 0.0539 40359.6433
17 0.0000 0.0000 40353.7576 0.0000 51.1680 0.0000 0.0616 40404.9872
18 0.0000 0.0000 40237.8847 0.0000 46.9040 0.0000 0.0539 40284.8426
19 0.0000 0.0000 40219.0945 0.0000 46.9040 0.0000 0.0539 40266.0524
20 0.0000 0.0000 40746.0742 0.0000 25.5840 0.0000 0.0308 40771.6890
21 0.0000 0.0000 40757.1775 0.0000 25.5840 0.0000 0.0385 40782.8000
22 0.0000 0.0000 39659.9437 0.0000 68.2240 0.0000 0.0616 39728.2293
23 0.0000 0.0000 40428.0643 0.0000 29.8480 0.0000 0.0308 40457.9431
24 0.0000 0.0000 40981.9007 0.0000 42.6400 0.0000 0.0385 41024.5792
25 0.0000 0.0000 40339.4277 0.0000 55.4320 0.0000 0.0616 40394.9213
26 0.0000 0.0000 40005.0001 0.0000 34.1120 0.0000 0.0385 40039.1506
27 0.0000 0.0000 40694.5435 0.0000 29.8480 0.0000 0.0385 40724.4300
28 0.0000 0.0000 38385.8163 0.0000 46.9040 0.0000 0.0616 38432.7819
29 0.0000 0.0000 40206.1881 0.0000 51.1680 0.0000 0.0616 40257.4177
30 0.0000 0.0000 39958.6889 0.0000 59.6960 0.0000 0.0616 40018.4465
31 0.0000 0.0000 40431.4807 0.0000 34.1120 0.0000 0.0462 40465.6389
32 0.0000 0.0000 40063.8381 0.0000 42.6400 0.0000 0.0385 40106.5166
33 0.0000 0.0000 40478.8358 0.0000 46.9040 0.0000 0.0462 40525.7860
34 0.0000 0.0000 40289.7001 0.0000 55.4320 0.0000 0.0539 40345.1860
35 0.0000 0.0000 40406.2373 0.0000 25.5840 0.0000 0.0308 40431.8521
36 0.0000 0.0000 39841.2976 0.0000 42.6400 0.0000 0.0539 39883.9915
37 0.0000 0.0000 39516.6447 0.0000 51.1680 0.0000 0.0616 39567.8743
38 0.0000 0.0000 40395.1340 0.0000 38.3760 0.0000 0.0462 40433.5562
39 0.0000 0.0000 40430.0572 0.0000 51.1680 0.0000 0.0462 40481.2714
40 0.0000 0.0000 40717.7940 0.0000 25.5840 0.0000 0.0462 40743.4242
41 0.0000 0.0000 40322.7253 0.0000 34.1120 0.0000 0.0462 40356.8835
42 0.0000 0.0000 40410.5078 0.0000 59.6960 0.0000 0.0616 40470.2654
43 0.0000 0.0000 40458.2425 0.0000 29.8480 0.0000 0.0385 40488.1290
44 0.0000 0.0000 40293.6859 0.0000 59.6960 0.0000 0.0616 40353.4435
45 0.0000 0.0000 40173.1629 0.0000 55.4320 0.0000 0.0462 40228.6411
46 0.0000 0.0000 40696.4415 0.0000 29.8480 0.0000 0.0385 40726.3280
47 0.0000 0.0000 40503.6047 0.0000 42.6400 0.0000 0.0462 40546.2909
48 0.0000 0.0000 40208.4657 0.0000 42.6400 0.0000 0.0308 40251.1365
49 0.0000 0.0000 40285.9041 0.0000 59.6960 0.0000 0.0462 40345.6463
50 0.0000 0.0000 39167.7923 0.0000 42.6400 0.0000 0.0385 39210.4708
51 0.0000 0.0000 40418.8590 0.0000 42.6400 0.0000 0.0385 40461.5375
52 0.0000 0.0000 40419.9978 0.0000 55.4320 0.0000 0.0616 40475.4914
53 0.0000 0.0000 40762.3021 0.0000 21.3200 0.0000 0.0308 40783.6529
54 0.0000 0.0000 40036.2222 0.0000 59.6960 0.0000 0.0539 40095.9721
55 0.0000 0.0000 40667.4021 0.0000 34.1120 0.0000 0.0385 40701.5526
56 0.0000 0.0000 40680.8779 0.0000 29.8480 0.0000 0.0385 40710.7644
57 0.0000 0.0000 40319.5936 0.0000 59.6960 0.0000 0.0616 40379.3512
58 0.0000 0.0000 40356.6046 0.0000 42.6400 0.0000 0.0462 40399.2908
59 0.0000 0.0000 40642.6332 0.0000 29.8480 0.0000 0.0385 40672.5197
60 0.0000 0.0000 40465.5498 0.0000 46.9040 0.0000 0.0462 40512.5000
61 0.0000 0.0000 39497.1902 0.0000 46.9040 0.0000 0.0616 39544.1558
62 0.0000 0.0000 40498.6699 0.0000 38.3760 0.0000 0.0539 40537.0998
63 0.0000 0.0000 39576.7164 0.0000 59.6960 0.0000 0.0616 39636.4740
64 0.0000 0.0000 40224.5038 0.0000 42.6400 0.0000 0.0539 40267.1977
65 0.0000 0.0000 40650.9844 0.0000 29.8480 0.0000 0.0308 40680.8632
66 0.0000 0.0000 40365.4303 0.0000 42.6400 0.0000 0.0462 40408.1165
67 0.0000 0.0000 40390.3890 0.0000 42.6400 0.0000 0.0462 40433.0752
68 0.0000 0.0000 40346.1656 0.0000 46.9040 0.0000 0.0539 40393.1235
69 0.0000 0.0000 40700.7120 0.0000 29.8480 0.0000 0.0385 40730.5985
70 0.0000 0.0000 39915.9839 0.0000 42.6400 0.0000 0.0385 39958.6624
71 0.0000 0.0000 40012.2125 0.0000 46.9040 0.0000 0.0539 40059.1704
72 0.0000 0.0000 40030.9078 0.0000 34.1120 0.0000 0.0462 40065.0660
73 0.0000 0.0000 40406.1424 0.0000 42.6400 0.0000 0.0385 40448.8209
74 0.0000 0.0000 40594.5189 0.0000 34.1120 0.0000 0.0385 40628.6694
75 0.0000 0.0000 39607.5589 0.0000 55.4320 0.0000 0.0539 39663.0448
76 0.0000 0.0000 40507.4007 0.0000 42.6400 0.0000 0.0462 40550.0869
77 0.0000 0.0000 40452.6434 0.0000 46.9040 0.0000 0.0462 40499.5936
78 0.0000 0.0000 40302.0371 0.0000 38.3760 0.0000 0.0385 40340.4516
79 0.0000 0.0000 39587.4401 0.0000 38.3760 0.0000 0.0385 39625.8546
80 0.0000 0.0000 40639.5015 0.0000 38.3760 0.0000 0.0616 40677.9391
81 0.0000 0.0000 40445.7157 0.0000 51.1680 0.0000 0.0462 40496.9299
82 0.0000 0.0000 40136.5315 0.0000 46.9040 0.0000 0.0462 40183.4817
83 0.0000 0.0000 39991.9988 0.0000 34.1120 0.0000 0.0385 40026.1493
84 0.0000 0.0000 40540.8055 0.0000 42.6400 0.0000 0.0385 40583.4840
85 0.0000 0.0000 39807.7030 0.0000 55.4320 0.0000 0.0693 39863.2043
86 0.0000 0.0000 40236.0816 0.0000 38.3760 0.0000 0.0385 40274.4961
87 0.0000 0.0000 40388.4910 0.0000 51.1680 0.0000 0.0539 40439.7129
88 0.0000 0.0000 40590.9127 0.0000 21.3200 0.0000 0.0308 40612.2635
89 0.0000 0.0000 40398.5504 0.0000 46.9040 0.0000 0.0462 40445.5006
90 0.0000 0.0000 40368.0875 0.0000 42.6400 0.0000 0.0462 40410.7737
91 0.0000 0.0000 39508.5782 0.0000 59.6960 0.0000 0.0616 39568.3358
92 0.0000 0.0000 40633.1432 0.0000 34.1120 0.0000 0.0308 40667.2860
93 0.0000 0.0000 40405.5730 0.0000 51.1680 0.0000 0.0693 40456.8103
94 0.0000 0.0000 40202.7717 0.0000 55.4320 0.0000 0.0539 40258.2576
95 0.0000 0.0000 40632.1942 0.0000 34.1120 0.0000 0.0462 40666.3524
96 0.0000 0.0000 40213.3056 0.0000 46.9040 0.0000 0.0539 40260.2635
97 0.0000 0.0000 40644.5312 0.0000 29.8480 0.0000 0.0462 40674.4254
98 0.0000 0.0000 40427.2102 0.0000 55.4320 0.0000 0.0539 40482.6961
99 0.0000 0.0000 40624.3175 0.0000 34.1120 0.0000 0.0385 40658.4680
100 0.0000 0.0000 40253.6381 0.0000 25.5840 0.0000 0.0308 40279.2529
101 0.0000 0.0000 40191.7633 0.0000 42.6400 0.0000 0.0385 40234.4418
102 0.0000 0.0000 40514.8978 0.0000 51.1680 0.0000 0.0693 40566.1351
103 0.0000 0.0000 40379.0959 0.0000 29.8480 0.0000 0.0462 40408.9901
104 0.0000 0.0000 40478.5511 0.0000 34.1120 0.0000 0.0539 40512.7170

Average_Source_Energy: 29738.0039 J
Average_Destination_Energy: 40332.1774 J
Total_Average_Energy: 39827.6929 J
